ReflectUtils.java,org.mockito.cglib.core.ReflectUtils,org.pitest.mutationtest.engine.gregor.mutators.ArgumentPropagationMutator,addAllInterfaces,366,NO_COVERAGE,none
ReflectUtils.java,org.mockito.cglib.core.ReflectUtils,org.pitest.mutationtest.engine.gregor.mutators.EmptyObjectReturnValsMutator,addAllInterfaces,368,NO_COVERAGE,none
ReflectUtils.java,org.mockito.cglib.core.ReflectUtils,org.pitest.mutationtest.engine.gregor.mutators.NegateConditionalsMutator,addAllInterfaces,364,NO_COVERAGE,none
ReflectUtils.java,org.mockito.cglib.core.ReflectUtils,org.pitest.mutationtest.engine.gregor.mutators.NonVoidMethodCallMutator,addAllInterfaces,363,NO_COVERAGE,none
ReflectUtils.java,org.mockito.cglib.core.ReflectUtils,org.pitest.mutationtest.engine.gregor.mutators.NonVoidMethodCallMutator,addAllInterfaces,365,NO_COVERAGE,none
ReflectUtils.java,org.mockito.cglib.core.ReflectUtils,org.pitest.mutationtest.engine.gregor.mutators.NonVoidMethodCallMutator,addAllInterfaces,365,NO_COVERAGE,none
ReflectUtils.java,org.mockito.cglib.core.ReflectUtils,org.pitest.mutationtest.engine.gregor.mutators.NonVoidMethodCallMutator,addAllInterfaces,365,NO_COVERAGE,none
ReflectUtils.java,org.mockito.cglib.core.ReflectUtils,org.pitest.mutationtest.engine.gregor.mutators.NonVoidMethodCallMutator,addAllInterfaces,366,NO_COVERAGE,none
ReflectUtils.java,org.mockito.cglib.core.ReflectUtils,org.pitest.mutationtest.engine.gregor.mutators.RemoveConditionalMutator_EQUAL_ELSE,addAllInterfaces,364,NO_COVERAGE,none
ReflectUtils.java,org.mockito.cglib.core.ReflectUtils,org.pitest.mutationtest.engine.gregor.mutators.RemoveConditionalMutator_EQUAL_IF,addAllInterfaces,364,NO_COVERAGE,none
ReflectUtils.java,org.mockito.cglib.core.ReflectUtils,org.pitest.mutationtest.engine.gregor.mutators.ReturnValsMutator,addAllInterfaces,368,NO_COVERAGE,none
ReflectUtils.java,org.mockito.cglib.core.ReflectUtils,org.pitest.mutationtest.engine.gregor.mutators.experimental.NakedReceiverMutator,addAllInterfaces,363,NO_COVERAGE,none
ReflectUtils.java,org.mockito.cglib.core.ReflectUtils,org.pitest.mutationtest.engine.gregor.mutators.ArgumentPropagationMutator,addAllMethods,352,NO_COVERAGE,none
ReflectUtils.java,org.mockito.cglib.core.ReflectUtils,org.pitest.mutationtest.engine.gregor.mutators.ArgumentPropagationMutator,addAllMethods,356,NO_COVERAGE,none
ReflectUtils.java,org.mockito.cglib.core.ReflectUtils,org.pitest.mutationtest.engine.gregor.mutators.ConditionalsBoundaryMutator,addAllMethods,355,NO_COVERAGE,none
ReflectUtils.java,org.mockito.cglib.core.ReflectUtils,org.pitest.mutationtest.engine.gregor.mutators.EmptyObjectReturnValsMutator,addAllMethods,359,NO_COVERAGE,none
ReflectUtils.java,org.mockito.cglib.core.ReflectUtils,org.pitest.mutationtest.engine.gregor.mutators.InlineConstantMutator,addAllMethods,355,NO_COVERAGE,none
ReflectUtils.java,org.mockito.cglib.core.ReflectUtils,org.pitest.mutationtest.engine.gregor.mutators.NegateConditionalsMutator,addAllMethods,351,NO_COVERAGE,none
ReflectUtils.java,org.mockito.cglib.core.ReflectUtils,org.pitest.mutationtest.engine.gregor.mutators.NegateConditionalsMutator,addAllMethods,355,NO_COVERAGE,none
ReflectUtils.java,org.mockito.cglib.core.ReflectUtils,org.pitest.mutationtest.engine.gregor.mutators.NonVoidMethodCallMutator,addAllMethods,349,NO_COVERAGE,none
ReflectUtils.java,org.mockito.cglib.core.ReflectUtils,org.pitest.mutationtest.engine.gregor.mutators.NonVoidMethodCallMutator,addAllMethods,349,NO_COVERAGE,none
ReflectUtils.java,org.mockito.cglib.core.ReflectUtils,org.pitest.mutationtest.engine.gregor.mutators.NonVoidMethodCallMutator,addAllMethods,349,NO_COVERAGE,none
ReflectUtils.java,org.mockito.cglib.core.ReflectUtils,org.pitest.mutationtest.engine.gregor.mutators.NonVoidMethodCallMutator,addAllMethods,350,NO_COVERAGE,none
ReflectUtils.java,org.mockito.cglib.core.ReflectUtils,org.pitest.mutationtest.engine.gregor.mutators.NonVoidMethodCallMutator,addAllMethods,352,NO_COVERAGE,none
ReflectUtils.java,org.mockito.cglib.core.ReflectUtils,org.pitest.mutationtest.engine.gregor.mutators.NonVoidMethodCallMutator,addAllMethods,354,NO_COVERAGE,none
ReflectUtils.java,org.mockito.cglib.core.ReflectUtils,org.pitest.mutationtest.engine.gregor.mutators.NonVoidMethodCallMutator,addAllMethods,356,NO_COVERAGE,none
ReflectUtils.java,org.mockito.cglib.core.ReflectUtils,org.pitest.mutationtest.engine.gregor.mutators.RemoveConditionalMutator_EQUAL_ELSE,addAllMethods,351,NO_COVERAGE,none
ReflectUtils.java,org.mockito.cglib.core.ReflectUtils,org.pitest.mutationtest.engine.gregor.mutators.RemoveConditionalMutator_EQUAL_IF,addAllMethods,351,NO_COVERAGE,none
ReflectUtils.java,org.mockito.cglib.core.ReflectUtils,org.pitest.mutationtest.engine.gregor.mutators.RemoveConditionalMutator_ORDER_ELSE,addAllMethods,355,NO_COVERAGE,none
ReflectUtils.java,org.mockito.cglib.core.ReflectUtils,org.pitest.mutationtest.engine.gregor.mutators.RemoveConditionalMutator_ORDER_IF,addAllMethods,355,NO_COVERAGE,none
ReflectUtils.java,org.mockito.cglib.core.ReflectUtils,org.pitest.mutationtest.engine.gregor.mutators.ReturnValsMutator,addAllMethods,359,NO_COVERAGE,none
ReflectUtils.java,org.mockito.cglib.core.ReflectUtils,org.pitest.mutationtest.engine.gregor.mutators.experimental.NakedReceiverMutator,addAllMethods,350,NO_COVERAGE,none
ReflectUtils.java,org.mockito.cglib.core.ReflectUtils,org.pitest.mutationtest.engine.gregor.mutators.ArgumentPropagationMutator,defineClass,385,SURVIVED,none
ReflectUtils.java,org.mockito.cglib.core.ReflectUtils,org.pitest.mutationtest.engine.gregor.mutators.ConstructorCallMutator,defineClass,384,SURVIVED,none
ReflectUtils.java,org.mockito.cglib.core.ReflectUtils,org.pitest.mutationtest.engine.gregor.mutators.ConstructorCallMutator,defineClass,384,SURVIVED,none
ReflectUtils.java,org.mockito.cglib.core.ReflectUtils,org.pitest.mutationtest.engine.gregor.mutators.InlineConstantMutator,defineClass,384,SURVIVED,none
ReflectUtils.java,org.mockito.cglib.core.ReflectUtils,org.pitest.mutationtest.engine.gregor.mutators.InlineConstantMutator,defineClass,384,SURVIVED,none
ReflectUtils.java,org.mockito.cglib.core.ReflectUtils,org.pitest.mutationtest.engine.gregor.mutators.InlineConstantMutator,defineClass,384,SURVIVED,none
ReflectUtils.java,org.mockito.cglib.core.ReflectUtils,org.pitest.mutationtest.engine.gregor.mutators.InlineConstantMutator,defineClass,384,SURVIVED,none
ReflectUtils.java,org.mockito.cglib.core.ReflectUtils,org.pitest.mutationtest.engine.gregor.mutators.InlineConstantMutator,defineClass,384,SURVIVED,none
ReflectUtils.java,org.mockito.cglib.core.ReflectUtils,org.pitest.mutationtest.engine.gregor.mutators.InlineConstantMutator,defineClass,384,SURVIVED,none
ReflectUtils.java,org.mockito.cglib.core.ReflectUtils,org.pitest.mutationtest.engine.gregor.mutators.InlineConstantMutator,defineClass,384,SURVIVED,none
ReflectUtils.java,org.mockito.cglib.core.ReflectUtils,org.pitest.mutationtest.engine.gregor.mutators.NonVoidMethodCallMutator,defineClass,385,SURVIVED,none
ReflectUtils.java,org.mockito.cglib.core.ReflectUtils,org.pitest.mutationtest.engine.gregor.mutators.NullReturnValsMutator,defineClass,385,SURVIVED,none
ReflectUtils.java,org.mockito.cglib.core.ReflectUtils,org.pitest.mutationtest.engine.gregor.mutators.ReturnValsMutator,defineClass,385,SURVIVED,none
ReflectUtils.java,org.mockito.cglib.core.ReflectUtils,org.pitest.mutationtest.engine.gregor.mutators.NonVoidMethodCallMutator,findConstructor,116,NO_COVERAGE,none
ReflectUtils.java,org.mockito.cglib.core.ReflectUtils,org.pitest.mutationtest.engine.gregor.mutators.NullReturnValsMutator,findConstructor,116,NO_COVERAGE,none
ReflectUtils.java,org.mockito.cglib.core.ReflectUtils,org.pitest.mutationtest.engine.gregor.mutators.ReturnValsMutator,findConstructor,116,NO_COVERAGE,none
ReflectUtils.java,org.mockito.cglib.core.ReflectUtils,org.pitest.mutationtest.engine.gregor.mutators.ArgumentPropagationMutator,findConstructor,121,NO_COVERAGE,none
ReflectUtils.java,org.mockito.cglib.core.ReflectUtils,org.pitest.mutationtest.engine.gregor.mutators.ConstructorCallMutator,findConstructor,125,NO_COVERAGE,none
ReflectUtils.java,org.mockito.cglib.core.ReflectUtils,org.pitest.mutationtest.engine.gregor.mutators.ConstructorCallMutator,findConstructor,127,NO_COVERAGE,none
ReflectUtils.java,org.mockito.cglib.core.ReflectUtils,org.pitest.mutationtest.engine.gregor.mutators.InlineConstantMutator,findConstructor,121,NO_COVERAGE,none
ReflectUtils.java,org.mockito.cglib.core.ReflectUtils,org.pitest.mutationtest.engine.gregor.mutators.InlineConstantMutator,findConstructor,122,NO_COVERAGE,none
ReflectUtils.java,org.mockito.cglib.core.ReflectUtils,org.pitest.mutationtest.engine.gregor.mutators.NonVoidMethodCallMutator,findConstructor,121,NO_COVERAGE,none
ReflectUtils.java,org.mockito.cglib.core.ReflectUtils,org.pitest.mutationtest.engine.gregor.mutators.NonVoidMethodCallMutator,findConstructor,122,NO_COVERAGE,none
ReflectUtils.java,org.mockito.cglib.core.ReflectUtils,org.pitest.mutationtest.engine.gregor.mutators.NonVoidMethodCallMutator,findConstructor,122,NO_COVERAGE,none
ReflectUtils.java,org.mockito.cglib.core.ReflectUtils,org.pitest.mutationtest.engine.gregor.mutators.NonVoidMethodCallMutator,findConstructor,123,NO_COVERAGE,none
ReflectUtils.java,org.mockito.cglib.core.ReflectUtils,org.pitest.mutationtest.engine.gregor.mutators.NonVoidMethodCallMutator,findConstructor,123,NO_COVERAGE,none
ReflectUtils.java,org.mockito.cglib.core.ReflectUtils,org.pitest.mutationtest.engine.gregor.mutators.NonVoidMethodCallMutator,findConstructor,123,NO_COVERAGE,none
ReflectUtils.java,org.mockito.cglib.core.ReflectUtils,org.pitest.mutationtest.engine.gregor.mutators.NullReturnValsMutator,findConstructor,123,NO_COVERAGE,none
ReflectUtils.java,org.mockito.cglib.core.ReflectUtils,org.pitest.mutationtest.engine.gregor.mutators.ReturnValsMutator,findConstructor,123,NO_COVERAGE,none
ReflectUtils.java,org.mockito.cglib.core.ReflectUtils,org.pitest.mutationtest.engine.gregor.mutators.experimental.NakedReceiverMutator,findConstructor,122,NO_COVERAGE,none
ReflectUtils.java,org.mockito.cglib.core.ReflectUtils,org.pitest.mutationtest.engine.gregor.mutators.experimental.NakedReceiverMutator,findConstructor,122,NO_COVERAGE,none
ReflectUtils.java,org.mockito.cglib.core.ReflectUtils,org.pitest.mutationtest.engine.gregor.mutators.ConstructorCallMutator,findDeclaredMethod,342,NO_COVERAGE,none
ReflectUtils.java,org.mockito.cglib.core.ReflectUtils,org.pitest.mutationtest.engine.gregor.mutators.NegateConditionalsMutator,findDeclaredMethod,335,NO_COVERAGE,none
ReflectUtils.java,org.mockito.cglib.core.ReflectUtils,org.pitest.mutationtest.engine.gregor.mutators.NonVoidMethodCallMutator,findDeclaredMethod,337,NO_COVERAGE,none
ReflectUtils.java,org.mockito.cglib.core.ReflectUtils,org.pitest.mutationtest.engine.gregor.mutators.NonVoidMethodCallMutator,findDeclaredMethod,339,NO_COVERAGE,none
ReflectUtils.java,org.mockito.cglib.core.ReflectUtils,org.pitest.mutationtest.engine.gregor.mutators.NullReturnValsMutator,findDeclaredMethod,337,NO_COVERAGE,none
ReflectUtils.java,org.mockito.cglib.core.ReflectUtils,org.pitest.mutationtest.engine.gregor.mutators.RemoveConditionalMutator_EQUAL_ELSE,findDeclaredMethod,335,NO_COVERAGE,none
ReflectUtils.java,org.mockito.cglib.core.ReflectUtils,org.pitest.mutationtest.engine.gregor.mutators.RemoveConditionalMutator_EQUAL_IF,findDeclaredMethod,335,NO_COVERAGE,none
ReflectUtils.java,org.mockito.cglib.core.ReflectUtils,org.pitest.mutationtest.engine.gregor.mutators.ReturnValsMutator,findDeclaredMethod,337,NO_COVERAGE,none
ReflectUtils.java,org.mockito.cglib.core.ReflectUtils,org.pitest.mutationtest.engine.gregor.mutators.experimental.NakedReceiverMutator,findDeclaredMethod,339,NO_COVERAGE,none
ReflectUtils.java,org.mockito.cglib.core.ReflectUtils,org.pitest.mutationtest.engine.gregor.mutators.ConstructorCallMutator,findInterfaceMethod,374,NO_COVERAGE,none
ReflectUtils.java,org.mockito.cglib.core.ReflectUtils,org.pitest.mutationtest.engine.gregor.mutators.ConstructorCallMutator,findInterfaceMethod,374,NO_COVERAGE,none
ReflectUtils.java,org.mockito.cglib.core.ReflectUtils,org.pitest.mutationtest.engine.gregor.mutators.ConstructorCallMutator,findInterfaceMethod,378,NO_COVERAGE,none
ReflectUtils.java,org.mockito.cglib.core.ReflectUtils,org.pitest.mutationtest.engine.gregor.mutators.ConstructorCallMutator,findInterfaceMethod,378,NO_COVERAGE,none
ReflectUtils.java,org.mockito.cglib.core.ReflectUtils,org.pitest.mutationtest.engine.gregor.mutators.InlineConstantMutator,findInterfaceMethod,377,SURVIVED,none
ReflectUtils.java,org.mockito.cglib.core.ReflectUtils,org.pitest.mutationtest.engine.gregor.mutators.InlineConstantMutator,findInterfaceMethod,380,SURVIVED,none
ReflectUtils.java,org.mockito.cglib.core.ReflectUtils,org.pitest.mutationtest.engine.gregor.mutators.NegateConditionalsMutator,findInterfaceMethod,373,SURVIVED,none
ReflectUtils.java,org.mockito.cglib.core.ReflectUtils,org.pitest.mutationtest.engine.gregor.mutators.NegateConditionalsMutator,findInterfaceMethod,377,SURVIVED,none
ReflectUtils.java,org.mockito.cglib.core.ReflectUtils,org.pitest.mutationtest.engine.gregor.mutators.NonVoidMethodCallMutator,findInterfaceMethod,373,SURVIVED,none
ReflectUtils.java,org.mockito.cglib.core.ReflectUtils,org.pitest.mutationtest.engine.gregor.mutators.NonVoidMethodCallMutator,findInterfaceMethod,374,NO_COVERAGE,none
ReflectUtils.java,org.mockito.cglib.core.ReflectUtils,org.pitest.mutationtest.engine.gregor.mutators.NonVoidMethodCallMutator,findInterfaceMethod,374,NO_COVERAGE,none
ReflectUtils.java,org.mockito.cglib.core.ReflectUtils,org.pitest.mutationtest.engine.gregor.mutators.NonVoidMethodCallMutator,findInterfaceMethod,374,NO_COVERAGE,none
ReflectUtils.java,org.mockito.cglib.core.ReflectUtils,org.pitest.mutationtest.engine.gregor.mutators.NonVoidMethodCallMutator,findInterfaceMethod,376,SURVIVED,none
ReflectUtils.java,org.mockito.cglib.core.ReflectUtils,org.pitest.mutationtest.engine.gregor.mutators.NonVoidMethodCallMutator,findInterfaceMethod,378,NO_COVERAGE,none
ReflectUtils.java,org.mockito.cglib.core.ReflectUtils,org.pitest.mutationtest.engine.gregor.mutators.NonVoidMethodCallMutator,findInterfaceMethod,378,NO_COVERAGE,none
ReflectUtils.java,org.mockito.cglib.core.ReflectUtils,org.pitest.mutationtest.engine.gregor.mutators.NonVoidMethodCallMutator,findInterfaceMethod,378,NO_COVERAGE,none
ReflectUtils.java,org.mockito.cglib.core.ReflectUtils,org.pitest.mutationtest.engine.gregor.mutators.NullReturnValsMutator,findInterfaceMethod,380,SURVIVED,none
ReflectUtils.java,org.mockito.cglib.core.ReflectUtils,org.pitest.mutationtest.engine.gregor.mutators.RemoveConditionalMutator_EQUAL_ELSE,findInterfaceMethod,373,SURVIVED,none
ReflectUtils.java,org.mockito.cglib.core.ReflectUtils,org.pitest.mutationtest.engine.gregor.mutators.RemoveConditionalMutator_EQUAL_ELSE,findInterfaceMethod,377,SURVIVED,none
ReflectUtils.java,org.mockito.cglib.core.ReflectUtils,org.pitest.mutationtest.engine.gregor.mutators.RemoveConditionalMutator_EQUAL_IF,findInterfaceMethod,373,SURVIVED,none
ReflectUtils.java,org.mockito.cglib.core.ReflectUtils,org.pitest.mutationtest.engine.gregor.mutators.RemoveConditionalMutator_EQUAL_IF,findInterfaceMethod,377,SURVIVED,none
ReflectUtils.java,org.mockito.cglib.core.ReflectUtils,org.pitest.mutationtest.engine.gregor.mutators.ReturnValsMutator,findInterfaceMethod,380,SURVIVED,none
ReflectUtils.java,org.mockito.cglib.core.ReflectUtils,org.pitest.mutationtest.engine.gregor.mutators.experimental.NakedReceiverMutator,findInterfaceMethod,374,NO_COVERAGE,none
ReflectUtils.java,org.mockito.cglib.core.ReflectUtils,org.pitest.mutationtest.engine.gregor.mutators.experimental.NakedReceiverMutator,findInterfaceMethod,374,NO_COVERAGE,none
ReflectUtils.java,org.mockito.cglib.core.ReflectUtils,org.pitest.mutationtest.engine.gregor.mutators.experimental.NakedReceiverMutator,findInterfaceMethod,378,NO_COVERAGE,none
ReflectUtils.java,org.mockito.cglib.core.ReflectUtils,org.pitest.mutationtest.engine.gregor.mutators.experimental.NakedReceiverMutator,findInterfaceMethod,378,NO_COVERAGE,none
ReflectUtils.java,org.mockito.cglib.core.ReflectUtils,org.pitest.mutationtest.engine.gregor.mutators.NonVoidMethodCallMutator,findMethod,132,NO_COVERAGE,none
ReflectUtils.java,org.mockito.cglib.core.ReflectUtils,org.pitest.mutationtest.engine.gregor.mutators.NullReturnValsMutator,findMethod,132,NO_COVERAGE,none
ReflectUtils.java,org.mockito.cglib.core.ReflectUtils,org.pitest.mutationtest.engine.gregor.mutators.ReturnValsMutator,findMethod,132,NO_COVERAGE,none
ReflectUtils.java,org.mockito.cglib.core.ReflectUtils,org.pitest.mutationtest.engine.gregor.mutators.ArgumentPropagationMutator,findMethod,137,NO_COVERAGE,none
ReflectUtils.java,org.mockito.cglib.core.ReflectUtils,org.pitest.mutationtest.engine.gregor.mutators.ArgumentPropagationMutator,findMethod,138,NO_COVERAGE,none
ReflectUtils.java,org.mockito.cglib.core.ReflectUtils,org.pitest.mutationtest.engine.gregor.mutators.ConstructorCallMutator,findMethod,143,NO_COVERAGE,none
ReflectUtils.java,org.mockito.cglib.core.ReflectUtils,org.pitest.mutationtest.engine.gregor.mutators.ConstructorCallMutator,findMethod,145,NO_COVERAGE,none
ReflectUtils.java,org.mockito.cglib.core.ReflectUtils,org.pitest.mutationtest.engine.gregor.mutators.InlineConstantMutator,findMethod,137,NO_COVERAGE,none
ReflectUtils.java,org.mockito.cglib.core.ReflectUtils,org.pitest.mutationtest.engine.gregor.mutators.InlineConstantMutator,findMethod,138,NO_COVERAGE,none
ReflectUtils.java,org.mockito.cglib.core.ReflectUtils,org.pitest.mutationtest.engine.gregor.mutators.InlineConstantMutator,findMethod,139,NO_COVERAGE,none
ReflectUtils.java,org.mockito.cglib.core.ReflectUtils,org.pitest.mutationtest.engine.gregor.mutators.InlineConstantMutator,findMethod,140,NO_COVERAGE,none
ReflectUtils.java,org.mockito.cglib.core.ReflectUtils,org.pitest.mutationtest.engine.gregor.mutators.MathMutator,findMethod,140,NO_COVERAGE,none
ReflectUtils.java,org.mockito.cglib.core.ReflectUtils,org.pitest.mutationtest.engine.gregor.mutators.NonVoidMethodCallMutator,findMethod,137,NO_COVERAGE,none
ReflectUtils.java,org.mockito.cglib.core.ReflectUtils,org.pitest.mutationtest.engine.gregor.mutators.NonVoidMethodCallMutator,findMethod,138,NO_COVERAGE,none
ReflectUtils.java,org.mockito.cglib.core.ReflectUtils,org.pitest.mutationtest.engine.gregor.mutators.NonVoidMethodCallMutator,findMethod,139,NO_COVERAGE,none
ReflectUtils.java,org.mockito.cglib.core.ReflectUtils,org.pitest.mutationtest.engine.gregor.mutators.NonVoidMethodCallMutator,findMethod,139,NO_COVERAGE,none
ReflectUtils.java,org.mockito.cglib.core.ReflectUtils,org.pitest.mutationtest.engine.gregor.mutators.NonVoidMethodCallMutator,findMethod,140,NO_COVERAGE,none
ReflectUtils.java,org.mockito.cglib.core.ReflectUtils,org.pitest.mutationtest.engine.gregor.mutators.NonVoidMethodCallMutator,findMethod,140,NO_COVERAGE,none
ReflectUtils.java,org.mockito.cglib.core.ReflectUtils,org.pitest.mutationtest.engine.gregor.mutators.NonVoidMethodCallMutator,findMethod,141,NO_COVERAGE,none
ReflectUtils.java,org.mockito.cglib.core.ReflectUtils,org.pitest.mutationtest.engine.gregor.mutators.NonVoidMethodCallMutator,findMethod,141,NO_COVERAGE,none
ReflectUtils.java,org.mockito.cglib.core.ReflectUtils,org.pitest.mutationtest.engine.gregor.mutators.NonVoidMethodCallMutator,findMethod,141,NO_COVERAGE,none
ReflectUtils.java,org.mockito.cglib.core.ReflectUtils,org.pitest.mutationtest.engine.gregor.mutators.NullReturnValsMutator,findMethod,141,NO_COVERAGE,none
ReflectUtils.java,org.mockito.cglib.core.ReflectUtils,org.pitest.mutationtest.engine.gregor.mutators.ReturnValsMutator,findMethod,141,NO_COVERAGE,none
ReflectUtils.java,org.mockito.cglib.core.ReflectUtils,org.pitest.mutationtest.engine.gregor.mutators.experimental.NakedReceiverMutator,findMethod,139,NO_COVERAGE,none
ReflectUtils.java,org.mockito.cglib.core.ReflectUtils,org.pitest.mutationtest.engine.gregor.mutators.experimental.NakedReceiverMutator,findMethod,139,NO_COVERAGE,none
ReflectUtils.java,org.mockito.cglib.core.ReflectUtils,org.pitest.mutationtest.engine.gregor.mutators.experimental.NakedReceiverMutator,findMethod,140,NO_COVERAGE,none
ReflectUtils.java,org.mockito.cglib.core.ReflectUtils,org.pitest.mutationtest.engine.gregor.mutators.experimental.NakedReceiverMutator,findMethod,140,NO_COVERAGE,none
ReflectUtils.java,org.mockito.cglib.core.ReflectUtils,org.pitest.mutationtest.engine.gregor.mutators.ArgumentPropagationMutator,findMethods,450,NO_COVERAGE,none
ReflectUtils.java,org.mockito.cglib.core.ReflectUtils,org.pitest.mutationtest.engine.gregor.mutators.ArgumentPropagationMutator,findMethods,454,NO_COVERAGE,none
ReflectUtils.java,org.mockito.cglib.core.ReflectUtils,org.pitest.mutationtest.engine.gregor.mutators.ConditionalsBoundaryMutator,findMethods,448,NO_COVERAGE,none
ReflectUtils.java,org.mockito.cglib.core.ReflectUtils,org.pitest.mutationtest.engine.gregor.mutators.ConditionalsBoundaryMutator,findMethods,453,NO_COVERAGE,none
ReflectUtils.java,org.mockito.cglib.core.ReflectUtils,org.pitest.mutationtest.engine.gregor.mutators.ConstructorCallMutator,findMethods,447,NO_COVERAGE,none
ReflectUtils.java,org.mockito.cglib.core.ReflectUtils,org.pitest.mutationtest.engine.gregor.mutators.ConstructorCallMutator,findMethods,450,NO_COVERAGE,none
ReflectUtils.java,org.mockito.cglib.core.ReflectUtils,org.pitest.mutationtest.engine.gregor.mutators.ConstructorCallMutator,findMethods,454,NO_COVERAGE,none
ReflectUtils.java,org.mockito.cglib.core.ReflectUtils,org.pitest.mutationtest.engine.gregor.mutators.InlineConstantMutator,findMethods,448,NO_COVERAGE,none
ReflectUtils.java,org.mockito.cglib.core.ReflectUtils,org.pitest.mutationtest.engine.gregor.mutators.InlineConstantMutator,findMethods,452,NO_COVERAGE,none
ReflectUtils.java,org.mockito.cglib.core.ReflectUtils,org.pitest.mutationtest.engine.gregor.mutators.InlineConstantMutator,findMethods,453,NO_COVERAGE,none
ReflectUtils.java,org.mockito.cglib.core.ReflectUtils,org.pitest.mutationtest.engine.gregor.mutators.InlineConstantMutator,findMethods,454,NO_COVERAGE,none
ReflectUtils.java,org.mockito.cglib.core.ReflectUtils,org.pitest.mutationtest.engine.gregor.mutators.InlineConstantMutator,findMethods,454,NO_COVERAGE,none
ReflectUtils.java,org.mockito.cglib.core.ReflectUtils,org.pitest.mutationtest.engine.gregor.mutators.InlineConstantMutator,findMethods,454,NO_COVERAGE,none
ReflectUtils.java,org.mockito.cglib.core.ReflectUtils,org.pitest.mutationtest.engine.gregor.mutators.MathMutator,findMethods,452,NO_COVERAGE,none
ReflectUtils.java,org.mockito.cglib.core.ReflectUtils,org.pitest.mutationtest.engine.gregor.mutators.MathMutator,findMethods,454,NO_COVERAGE,none
ReflectUtils.java,org.mockito.cglib.core.ReflectUtils,org.pitest.mutationtest.engine.gregor.mutators.MathMutator,findMethods,454,NO_COVERAGE,none
ReflectUtils.java,org.mockito.cglib.core.ReflectUtils,org.pitest.mutationtest.engine.gregor.mutators.MathMutator,findMethods,454,NO_COVERAGE,none
ReflectUtils.java,org.mockito.cglib.core.ReflectUtils,org.pitest.mutationtest.engine.gregor.mutators.NegateConditionalsMutator,findMethods,448,NO_COVERAGE,none
ReflectUtils.java,org.mockito.cglib.core.ReflectUtils,org.pitest.mutationtest.engine.gregor.mutators.NegateConditionalsMutator,findMethods,453,NO_COVERAGE,none
ReflectUtils.java,org.mockito.cglib.core.ReflectUtils,org.pitest.mutationtest.engine.gregor.mutators.NegateConditionalsMutator,findMethods,455,NO_COVERAGE,none
ReflectUtils.java,org.mockito.cglib.core.ReflectUtils,org.pitest.mutationtest.engine.gregor.mutators.NonVoidMethodCallMutator,findMethods,450,NO_COVERAGE,none
ReflectUtils.java,org.mockito.cglib.core.ReflectUtils,org.pitest.mutationtest.engine.gregor.mutators.NonVoidMethodCallMutator,findMethods,450,NO_COVERAGE,none
ReflectUtils.java,org.mockito.cglib.core.ReflectUtils,org.pitest.mutationtest.engine.gregor.mutators.NonVoidMethodCallMutator,findMethods,450,NO_COVERAGE,none
ReflectUtils.java,org.mockito.cglib.core.ReflectUtils,org.pitest.mutationtest.engine.gregor.mutators.NonVoidMethodCallMutator,findMethods,450,NO_COVERAGE,none
ReflectUtils.java,org.mockito.cglib.core.ReflectUtils,org.pitest.mutationtest.engine.gregor.mutators.NonVoidMethodCallMutator,findMethods,450,NO_COVERAGE,none
ReflectUtils.java,org.mockito.cglib.core.ReflectUtils,org.pitest.mutationtest.engine.gregor.mutators.NonVoidMethodCallMutator,findMethods,450,NO_COVERAGE,none
ReflectUtils.java,org.mockito.cglib.core.ReflectUtils,org.pitest.mutationtest.engine.gregor.mutators.NonVoidMethodCallMutator,findMethods,454,NO_COVERAGE,none
ReflectUtils.java,org.mockito.cglib.core.ReflectUtils,org.pitest.mutationtest.engine.gregor.mutators.NonVoidMethodCallMutator,findMethods,454,NO_COVERAGE,none
ReflectUtils.java,org.mockito.cglib.core.ReflectUtils,org.pitest.mutationtest.engine.gregor.mutators.NonVoidMethodCallMutator,findMethods,454,NO_COVERAGE,none
ReflectUtils.java,org.mockito.cglib.core.ReflectUtils,org.pitest.mutationtest.engine.gregor.mutators.NonVoidMethodCallMutator,findMethods,454,NO_COVERAGE,none
ReflectUtils.java,org.mockito.cglib.core.ReflectUtils,org.pitest.mutationtest.engine.gregor.mutators.NullReturnValsMutator,findMethods,459,NO_COVERAGE,none
ReflectUtils.java,org.mockito.cglib.core.ReflectUtils,org.pitest.mutationtest.engine.gregor.mutators.RemoveConditionalMutator_EQUAL_ELSE,findMethods,455,NO_COVERAGE,none
ReflectUtils.java,org.mockito.cglib.core.ReflectUtils,org.pitest.mutationtest.engine.gregor.mutators.RemoveConditionalMutator_EQUAL_IF,findMethods,455,NO_COVERAGE,none
ReflectUtils.java,org.mockito.cglib.core.ReflectUtils,org.pitest.mutationtest.engine.gregor.mutators.RemoveConditionalMutator_ORDER_ELSE,findMethods,448,NO_COVERAGE,none
ReflectUtils.java,org.mockito.cglib.core.ReflectUtils,org.pitest.mutationtest.engine.gregor.mutators.RemoveConditionalMutator_ORDER_ELSE,findMethods,453,NO_COVERAGE,none
ReflectUtils.java,org.mockito.cglib.core.ReflectUtils,org.pitest.mutationtest.engine.gregor.mutators.RemoveConditionalMutator_ORDER_IF,findMethods,448,NO_COVERAGE,none
ReflectUtils.java,org.mockito.cglib.core.ReflectUtils,org.pitest.mutationtest.engine.gregor.mutators.RemoveConditionalMutator_ORDER_IF,findMethods,453,NO_COVERAGE,none
ReflectUtils.java,org.mockito.cglib.core.ReflectUtils,org.pitest.mutationtest.engine.gregor.mutators.ReturnValsMutator,findMethods,459,NO_COVERAGE,none
ReflectUtils.java,org.mockito.cglib.core.ReflectUtils,org.pitest.mutationtest.engine.gregor.mutators.experimental.NakedReceiverMutator,findMethods,450,NO_COVERAGE,none
ReflectUtils.java,org.mockito.cglib.core.ReflectUtils,org.pitest.mutationtest.engine.gregor.mutators.experimental.NakedReceiverMutator,findMethods,450,NO_COVERAGE,none
ReflectUtils.java,org.mockito.cglib.core.ReflectUtils,org.pitest.mutationtest.engine.gregor.mutators.experimental.NakedReceiverMutator,findMethods,454,NO_COVERAGE,none
ReflectUtils.java,org.mockito.cglib.core.ReflectUtils,org.pitest.mutationtest.engine.gregor.mutators.experimental.NakedReceiverMutator,findMethods,454,NO_COVERAGE,none
ReflectUtils.java,org.mockito.cglib.core.ReflectUtils,org.pitest.mutationtest.engine.gregor.mutators.ConstructorCallMutator,findNewInstance,275,NO_COVERAGE,none
ReflectUtils.java,org.mockito.cglib.core.ReflectUtils,org.pitest.mutationtest.engine.gregor.mutators.ConstructorCallMutator,findNewInstance,275,NO_COVERAGE,none
ReflectUtils.java,org.mockito.cglib.core.ReflectUtils,org.pitest.mutationtest.engine.gregor.mutators.NegateConditionalsMutator,findNewInstance,274,SURVIVED,none
ReflectUtils.java,org.mockito.cglib.core.ReflectUtils,org.pitest.mutationtest.engine.gregor.mutators.NonVoidMethodCallMutator,findNewInstance,273,SURVIVED,none
ReflectUtils.java,org.mockito.cglib.core.ReflectUtils,org.pitest.mutationtest.engine.gregor.mutators.NonVoidMethodCallMutator,findNewInstance,274,SURVIVED,none
ReflectUtils.java,org.mockito.cglib.core.ReflectUtils,org.pitest.mutationtest.engine.gregor.mutators.NonVoidMethodCallMutator,findNewInstance,274,SURVIVED,none
ReflectUtils.java,org.mockito.cglib.core.ReflectUtils,org.pitest.mutationtest.engine.gregor.mutators.NonVoidMethodCallMutator,findNewInstance,275,NO_COVERAGE,none
ReflectUtils.java,org.mockito.cglib.core.ReflectUtils,org.pitest.mutationtest.engine.gregor.mutators.NonVoidMethodCallMutator,findNewInstance,275,NO_COVERAGE,none
ReflectUtils.java,org.mockito.cglib.core.ReflectUtils,org.pitest.mutationtest.engine.gregor.mutators.NonVoidMethodCallMutator,findNewInstance,275,NO_COVERAGE,none
ReflectUtils.java,org.mockito.cglib.core.ReflectUtils,org.pitest.mutationtest.engine.gregor.mutators.NullReturnValsMutator,findNewInstance,277,SURVIVED,none
ReflectUtils.java,org.mockito.cglib.core.ReflectUtils,org.pitest.mutationtest.engine.gregor.mutators.RemoveConditionalMutator_EQUAL_ELSE,findNewInstance,274,SURVIVED,none
ReflectUtils.java,org.mockito.cglib.core.ReflectUtils,org.pitest.mutationtest.engine.gregor.mutators.RemoveConditionalMutator_EQUAL_IF,findNewInstance,274,SURVIVED,none
ReflectUtils.java,org.mockito.cglib.core.ReflectUtils,org.pitest.mutationtest.engine.gregor.mutators.ReturnValsMutator,findNewInstance,277,SURVIVED,none
ReflectUtils.java,org.mockito.cglib.core.ReflectUtils,org.pitest.mutationtest.engine.gregor.mutators.experimental.NakedReceiverMutator,findNewInstance,275,NO_COVERAGE,none
ReflectUtils.java,org.mockito.cglib.core.ReflectUtils,org.pitest.mutationtest.engine.gregor.mutators.experimental.NakedReceiverMutator,findNewInstance,275,NO_COVERAGE,none
ReflectUtils.java,org.mockito.cglib.core.ReflectUtils,org.pitest.mutationtest.engine.gregor.mutators.ConditionalsBoundaryMutator,findPackageProtected,389,NO_COVERAGE,none
ReflectUtils.java,org.mockito.cglib.core.ReflectUtils,org.pitest.mutationtest.engine.gregor.mutators.InlineConstantMutator,findPackageProtected,389,NO_COVERAGE,none
ReflectUtils.java,org.mockito.cglib.core.ReflectUtils,org.pitest.mutationtest.engine.gregor.mutators.InlineConstantMutator,findPackageProtected,394,NO_COVERAGE,none
ReflectUtils.java,org.mockito.cglib.core.ReflectUtils,org.pitest.mutationtest.engine.gregor.mutators.NegateConditionalsMutator,findPackageProtected,389,NO_COVERAGE,none
ReflectUtils.java,org.mockito.cglib.core.ReflectUtils,org.pitest.mutationtest.engine.gregor.mutators.NegateConditionalsMutator,findPackageProtected,390,NO_COVERAGE,none
ReflectUtils.java,org.mockito.cglib.core.ReflectUtils,org.pitest.mutationtest.engine.gregor.mutators.NonVoidMethodCallMutator,findPackageProtected,390,NO_COVERAGE,none
ReflectUtils.java,org.mockito.cglib.core.ReflectUtils,org.pitest.mutationtest.engine.gregor.mutators.NonVoidMethodCallMutator,findPackageProtected,390,NO_COVERAGE,none
ReflectUtils.java,org.mockito.cglib.core.ReflectUtils,org.pitest.mutationtest.engine.gregor.mutators.PrimitiveReturnsMutator,findPackageProtected,391,NO_COVERAGE,none
ReflectUtils.java,org.mockito.cglib.core.ReflectUtils,org.pitest.mutationtest.engine.gregor.mutators.RemoveConditionalMutator_EQUAL_ELSE,findPackageProtected,390,NO_COVERAGE,none
ReflectUtils.java,org.mockito.cglib.core.ReflectUtils,org.pitest.mutationtest.engine.gregor.mutators.RemoveConditionalMutator_EQUAL_IF,findPackageProtected,390,NO_COVERAGE,none
ReflectUtils.java,org.mockito.cglib.core.ReflectUtils,org.pitest.mutationtest.engine.gregor.mutators.RemoveConditionalMutator_ORDER_ELSE,findPackageProtected,389,NO_COVERAGE,none
ReflectUtils.java,org.mockito.cglib.core.ReflectUtils,org.pitest.mutationtest.engine.gregor.mutators.RemoveConditionalMutator_ORDER_IF,findPackageProtected,389,NO_COVERAGE,none
ReflectUtils.java,org.mockito.cglib.core.ReflectUtils,org.pitest.mutationtest.engine.gregor.mutators.ReturnValsMutator,findPackageProtected,391,NO_COVERAGE,none
ReflectUtils.java,org.mockito.cglib.core.ReflectUtils,org.pitest.mutationtest.engine.gregor.mutators.ReturnValsMutator,findPackageProtected,394,NO_COVERAGE,none
ReflectUtils.java,org.mockito.cglib.core.ReflectUtils,org.pitest.mutationtest.engine.gregor.mutators.InlineConstantMutator,getBeanGetters,300,NO_COVERAGE,none
ReflectUtils.java,org.mockito.cglib.core.ReflectUtils,org.pitest.mutationtest.engine.gregor.mutators.InlineConstantMutator,getBeanGetters,300,NO_COVERAGE,none
ReflectUtils.java,org.mockito.cglib.core.ReflectUtils,org.pitest.mutationtest.engine.gregor.mutators.NonVoidMethodCallMutator,getBeanGetters,300,NO_COVERAGE,none
ReflectUtils.java,org.mockito.cglib.core.ReflectUtils,org.pitest.mutationtest.engine.gregor.mutators.NullReturnValsMutator,getBeanGetters,300,NO_COVERAGE,none
ReflectUtils.java,org.mockito.cglib.core.ReflectUtils,org.pitest.mutationtest.engine.gregor.mutators.ReturnValsMutator,getBeanGetters,300,NO_COVERAGE,none
ReflectUtils.java,org.mockito.cglib.core.ReflectUtils,org.pitest.mutationtest.engine.gregor.mutators.InlineConstantMutator,getBeanProperties,296,NO_COVERAGE,none
ReflectUtils.java,org.mockito.cglib.core.ReflectUtils,org.pitest.mutationtest.engine.gregor.mutators.InlineConstantMutator,getBeanProperties,296,NO_COVERAGE,none
ReflectUtils.java,org.mockito.cglib.core.ReflectUtils,org.pitest.mutationtest.engine.gregor.mutators.NonVoidMethodCallMutator,getBeanProperties,296,NO_COVERAGE,none
ReflectUtils.java,org.mockito.cglib.core.ReflectUtils,org.pitest.mutationtest.engine.gregor.mutators.NullReturnValsMutator,getBeanProperties,296,NO_COVERAGE,none
ReflectUtils.java,org.mockito.cglib.core.ReflectUtils,org.pitest.mutationtest.engine.gregor.mutators.ReturnValsMutator,getBeanProperties,296,NO_COVERAGE,none
ReflectUtils.java,org.mockito.cglib.core.ReflectUtils,org.pitest.mutationtest.engine.gregor.mutators.InlineConstantMutator,getBeanSetters,304,NO_COVERAGE,none
ReflectUtils.java,org.mockito.cglib.core.ReflectUtils,org.pitest.mutationtest.engine.gregor.mutators.InlineConstantMutator,getBeanSetters,304,NO_COVERAGE,none
ReflectUtils.java,org.mockito.cglib.core.ReflectUtils,org.pitest.mutationtest.engine.gregor.mutators.NonVoidMethodCallMutator,getBeanSetters,304,NO_COVERAGE,none
ReflectUtils.java,org.mockito.cglib.core.ReflectUtils,org.pitest.mutationtest.engine.gregor.mutators.NullReturnValsMutator,getBeanSetters,304,NO_COVERAGE,none
ReflectUtils.java,org.mockito.cglib.core.ReflectUtils,org.pitest.mutationtest.engine.gregor.mutators.ReturnValsMutator,getBeanSetters,304,NO_COVERAGE,none
ReflectUtils.java,org.mockito.cglib.core.ReflectUtils,org.pitest.mutationtest.engine.gregor.mutators.NonVoidMethodCallMutator,getClass,173,NO_COVERAGE,none
ReflectUtils.java,org.mockito.cglib.core.ReflectUtils,org.pitest.mutationtest.engine.gregor.mutators.NullReturnValsMutator,getClass,173,NO_COVERAGE,none
ReflectUtils.java,org.mockito.cglib.core.ReflectUtils,org.pitest.mutationtest.engine.gregor.mutators.ReturnValsMutator,getClass,173,NO_COVERAGE,none
ReflectUtils.java,org.mockito.cglib.core.ReflectUtils,org.pitest.mutationtest.engine.gregor.mutators.ArgumentPropagationMutator,getClass,180,NO_COVERAGE,none
ReflectUtils.java,org.mockito.cglib.core.ReflectUtils,org.pitest.mutationtest.engine.gregor.mutators.ArgumentPropagationMutator,getClass,200,NO_COVERAGE,none
ReflectUtils.java,org.mockito.cglib.core.ReflectUtils,org.pitest.mutationtest.engine.gregor.mutators.ArgumentPropagationMutator,getClass,205,NO_COVERAGE,none
ReflectUtils.java,org.mockito.cglib.core.ReflectUtils,org.pitest.mutationtest.engine.gregor.mutators.ConditionalsBoundaryMutator,getClass,180,NO_COVERAGE,none
ReflectUtils.java,org.mockito.cglib.core.ReflectUtils,org.pitest.mutationtest.engine.gregor.mutators.ConditionalsBoundaryMutator,getClass,184,NO_COVERAGE,none
ReflectUtils.java,org.mockito.cglib.core.ReflectUtils,org.pitest.mutationtest.engine.gregor.mutators.ConditionalsBoundaryMutator,getClass,189,NO_COVERAGE,none
ReflectUtils.java,org.mockito.cglib.core.ReflectUtils,org.pitest.mutationtest.engine.gregor.mutators.ConditionalsBoundaryMutator,getClass,190,NO_COVERAGE,none
ReflectUtils.java,org.mockito.cglib.core.ReflectUtils,org.pitest.mutationtest.engine.gregor.mutators.ConditionalsBoundaryMutator,getClass,194,NO_COVERAGE,none
ReflectUtils.java,org.mockito.cglib.core.ReflectUtils,org.pitest.mutationtest.engine.gregor.mutators.ConstructorCallMutator,getClass,183,NO_COVERAGE,none
ReflectUtils.java,org.mockito.cglib.core.ReflectUtils,org.pitest.mutationtest.engine.gregor.mutators.ConstructorCallMutator,getClass,189,NO_COVERAGE,none
ReflectUtils.java,org.mockito.cglib.core.ReflectUtils,org.pitest.mutationtest.engine.gregor.mutators.ConstructorCallMutator,getClass,192,NO_COVERAGE,none
ReflectUtils.java,org.mockito.cglib.core.ReflectUtils,org.pitest.mutationtest.engine.gregor.mutators.ConstructorCallMutator,getClass,196,NO_COVERAGE,none
ReflectUtils.java,org.mockito.cglib.core.ReflectUtils,org.pitest.mutationtest.engine.gregor.mutators.ConstructorCallMutator,getClass,208,NO_COVERAGE,none
ReflectUtils.java,org.mockito.cglib.core.ReflectUtils,org.pitest.mutationtest.engine.gregor.mutators.ConstructorCallMutator,getClass,212,NO_COVERAGE,none
ReflectUtils.java,org.mockito.cglib.core.ReflectUtils,org.pitest.mutationtest.engine.gregor.mutators.IncrementsMutator,getClass,181,NO_COVERAGE,none
ReflectUtils.java,org.mockito.cglib.core.ReflectUtils,org.pitest.mutationtest.engine.gregor.mutators.IncrementsMutator,getClass,184,NO_COVERAGE,none
ReflectUtils.java,org.mockito.cglib.core.ReflectUtils,org.pitest.mutationtest.engine.gregor.mutators.InlineConstantMutator,getClass,178,NO_COVERAGE,none
ReflectUtils.java,org.mockito.cglib.core.ReflectUtils,org.pitest.mutationtest.engine.gregor.mutators.InlineConstantMutator,getClass,179,NO_COVERAGE,none
ReflectUtils.java,org.mockito.cglib.core.ReflectUtils,org.pitest.mutationtest.engine.gregor.mutators.InlineConstantMutator,getClass,180,NO_COVERAGE,none
ReflectUtils.java,org.mockito.cglib.core.ReflectUtils,org.pitest.mutationtest.engine.gregor.mutators.InlineConstantMutator,getClass,184,NO_COVERAGE,none
ReflectUtils.java,org.mockito.cglib.core.ReflectUtils,org.pitest.mutationtest.engine.gregor.mutators.InlineConstantMutator,getClass,185,NO_COVERAGE,none
ReflectUtils.java,org.mockito.cglib.core.ReflectUtils,org.pitest.mutationtest.engine.gregor.mutators.InlineConstantMutator,getClass,187,NO_COVERAGE,none
ReflectUtils.java,org.mockito.cglib.core.ReflectUtils,org.pitest.mutationtest.engine.gregor.mutators.InlineConstantMutator,getClass,187,NO_COVERAGE,none
ReflectUtils.java,org.mockito.cglib.core.ReflectUtils,org.pitest.mutationtest.engine.gregor.mutators.InlineConstantMutator,getClass,192,NO_COVERAGE,none
ReflectUtils.java,org.mockito.cglib.core.ReflectUtils,org.pitest.mutationtest.engine.gregor.mutators.InlineConstantMutator,getClass,194,NO_COVERAGE,none
ReflectUtils.java,org.mockito.cglib.core.ReflectUtils,org.pitest.mutationtest.engine.gregor.mutators.InlineConstantMutator,getClass,196,NO_COVERAGE,none
ReflectUtils.java,org.mockito.cglib.core.ReflectUtils,org.pitest.mutationtest.engine.gregor.mutators.InlineConstantMutator,getClass,196,NO_COVERAGE,none
ReflectUtils.java,org.mockito.cglib.core.ReflectUtils,org.pitest.mutationtest.engine.gregor.mutators.InlineConstantMutator,getClass,208,NO_COVERAGE,none
ReflectUtils.java,org.mockito.cglib.core.ReflectUtils,org.pitest.mutationtest.engine.gregor.mutators.MathMutator,getClass,180,NO_COVERAGE,none
ReflectUtils.java,org.mockito.cglib.core.ReflectUtils,org.pitest.mutationtest.engine.gregor.mutators.MathMutator,getClass,183,NO_COVERAGE,none
ReflectUtils.java,org.mockito.cglib.core.ReflectUtils,org.pitest.mutationtest.engine.gregor.mutators.MathMutator,getClass,187,NO_COVERAGE,none
ReflectUtils.java,org.mockito.cglib.core.ReflectUtils,org.pitest.mutationtest.engine.gregor.mutators.MathMutator,getClass,187,NO_COVERAGE,none
ReflectUtils.java,org.mockito.cglib.core.ReflectUtils,org.pitest.mutationtest.engine.gregor.mutators.NegateConditionalsMutator,getClass,180,NO_COVERAGE,none
ReflectUtils.java,org.mockito.cglib.core.ReflectUtils,org.pitest.mutationtest.engine.gregor.mutators.NegateConditionalsMutator,getClass,184,NO_COVERAGE,none
ReflectUtils.java,org.mockito.cglib.core.ReflectUtils,org.pitest.mutationtest.engine.gregor.mutators.NegateConditionalsMutator,getClass,189,NO_COVERAGE,none
ReflectUtils.java,org.mockito.cglib.core.ReflectUtils,org.pitest.mutationtest.engine.gregor.mutators.NegateConditionalsMutator,getClass,190,NO_COVERAGE,none
ReflectUtils.java,org.mockito.cglib.core.ReflectUtils,org.pitest.mutationtest.engine.gregor.mutators.NegateConditionalsMutator,getClass,194,NO_COVERAGE,none
ReflectUtils.java,org.mockito.cglib.core.ReflectUtils,org.pitest.mutationtest.engine.gregor.mutators.NegateConditionalsMutator,getClass,199,NO_COVERAGE,none
ReflectUtils.java,org.mockito.cglib.core.ReflectUtils,org.pitest.mutationtest.engine.gregor.mutators.NegateConditionalsMutator,getClass,201,NO_COVERAGE,none
ReflectUtils.java,org.mockito.cglib.core.ReflectUtils,org.pitest.mutationtest.engine.gregor.mutators.NegateConditionalsMutator,getClass,206,NO_COVERAGE,none
ReflectUtils.java,org.mockito.cglib.core.ReflectUtils,org.pitest.mutationtest.engine.gregor.mutators.NonVoidMethodCallMutator,getClass,180,NO_COVERAGE,none
ReflectUtils.java,org.mockito.cglib.core.ReflectUtils,org.pitest.mutationtest.engine.gregor.mutators.NonVoidMethodCallMutator,getClass,183,NO_COVERAGE,none
ReflectUtils.java,org.mockito.cglib.core.ReflectUtils,org.pitest.mutationtest.engine.gregor.mutators.NonVoidMethodCallMutator,getClass,185,NO_COVERAGE,none
ReflectUtils.java,org.mockito.cglib.core.ReflectUtils,org.pitest.mutationtest.engine.gregor.mutators.NonVoidMethodCallMutator,getClass,187,NO_COVERAGE,none
ReflectUtils.java,org.mockito.cglib.core.ReflectUtils,org.pitest.mutationtest.engine.gregor.mutators.NonVoidMethodCallMutator,getClass,187,NO_COVERAGE,none
ReflectUtils.java,org.mockito.cglib.core.ReflectUtils,org.pitest.mutationtest.engine.gregor.mutators.NonVoidMethodCallMutator,getClass,189,NO_COVERAGE,none
ReflectUtils.java,org.mockito.cglib.core.ReflectUtils,org.pitest.mutationtest.engine.gregor.mutators.NonVoidMethodCallMutator,getClass,189,NO_COVERAGE,none
ReflectUtils.java,org.mockito.cglib.core.ReflectUtils,org.pitest.mutationtest.engine.gregor.mutators.NonVoidMethodCallMutator,getClass,189,NO_COVERAGE,none
ReflectUtils.java,org.mockito.cglib.core.ReflectUtils,org.pitest.mutationtest.engine.gregor.mutators.NonVoidMethodCallMutator,getClass,192,NO_COVERAGE,none
ReflectUtils.java,org.mockito.cglib.core.ReflectUtils,org.pitest.mutationtest.engine.gregor.mutators.NonVoidMethodCallMutator,getClass,192,NO_COVERAGE,none
ReflectUtils.java,org.mockito.cglib.core.ReflectUtils,org.pitest.mutationtest.engine.gregor.mutators.NonVoidMethodCallMutator,getClass,192,NO_COVERAGE,none
ReflectUtils.java,org.mockito.cglib.core.ReflectUtils,org.pitest.mutationtest.engine.gregor.mutators.NonVoidMethodCallMutator,getClass,192,NO_COVERAGE,none
ReflectUtils.java,org.mockito.cglib.core.ReflectUtils,org.pitest.mutationtest.engine.gregor.mutators.NonVoidMethodCallMutator,getClass,192,NO_COVERAGE,none
ReflectUtils.java,org.mockito.cglib.core.ReflectUtils,org.pitest.mutationtest.engine.gregor.mutators.NonVoidMethodCallMutator,getClass,196,NO_COVERAGE,none
ReflectUtils.java,org.mockito.cglib.core.ReflectUtils,org.pitest.mutationtest.engine.gregor.mutators.NonVoidMethodCallMutator,getClass,196,NO_COVERAGE,none
ReflectUtils.java,org.mockito.cglib.core.ReflectUtils,org.pitest.mutationtest.engine.gregor.mutators.NonVoidMethodCallMutator,getClass,196,NO_COVERAGE,none
ReflectUtils.java,org.mockito.cglib.core.ReflectUtils,org.pitest.mutationtest.engine.gregor.mutators.NonVoidMethodCallMutator,getClass,196,NO_COVERAGE,none
ReflectUtils.java,org.mockito.cglib.core.ReflectUtils,org.pitest.mutationtest.engine.gregor.mutators.NonVoidMethodCallMutator,getClass,196,NO_COVERAGE,none
ReflectUtils.java,org.mockito.cglib.core.ReflectUtils,org.pitest.mutationtest.engine.gregor.mutators.NonVoidMethodCallMutator,getClass,196,NO_COVERAGE,none
ReflectUtils.java,org.mockito.cglib.core.ReflectUtils,org.pitest.mutationtest.engine.gregor.mutators.NonVoidMethodCallMutator,getClass,196,NO_COVERAGE,none
ReflectUtils.java,org.mockito.cglib.core.ReflectUtils,org.pitest.mutationtest.engine.gregor.mutators.NonVoidMethodCallMutator,getClass,200,NO_COVERAGE,none
ReflectUtils.java,org.mockito.cglib.core.ReflectUtils,org.pitest.mutationtest.engine.gregor.mutators.NonVoidMethodCallMutator,getClass,205,NO_COVERAGE,none
ReflectUtils.java,org.mockito.cglib.core.ReflectUtils,org.pitest.mutationtest.engine.gregor.mutators.NonVoidMethodCallMutator,getClass,208,NO_COVERAGE,none
ReflectUtils.java,org.mockito.cglib.core.ReflectUtils,org.pitest.mutationtest.engine.gregor.mutators.NonVoidMethodCallMutator,getClass,208,NO_COVERAGE,none
ReflectUtils.java,org.mockito.cglib.core.ReflectUtils,org.pitest.mutationtest.engine.gregor.mutators.NonVoidMethodCallMutator,getClass,208,NO_COVERAGE,none
ReflectUtils.java,org.mockito.cglib.core.ReflectUtils,org.pitest.mutationtest.engine.gregor.mutators.NonVoidMethodCallMutator,getClass,208,NO_COVERAGE,none
ReflectUtils.java,org.mockito.cglib.core.ReflectUtils,org.pitest.mutationtest.engine.gregor.mutators.NullReturnValsMutator,getClass,192,NO_COVERAGE,none
ReflectUtils.java,org.mockito.cglib.core.ReflectUtils,org.pitest.mutationtest.engine.gregor.mutators.NullReturnValsMutator,getClass,196,NO_COVERAGE,none
ReflectUtils.java,org.mockito.cglib.core.ReflectUtils,org.pitest.mutationtest.engine.gregor.mutators.NullReturnValsMutator,getClass,202,NO_COVERAGE,none
ReflectUtils.java,org.mockito.cglib.core.ReflectUtils,org.pitest.mutationtest.engine.gregor.mutators.NullReturnValsMutator,getClass,208,NO_COVERAGE,none
ReflectUtils.java,org.mockito.cglib.core.ReflectUtils,org.pitest.mutationtest.engine.gregor.mutators.RemoveConditionalMutator_EQUAL_ELSE,getClass,199,NO_COVERAGE,none
ReflectUtils.java,org.mockito.cglib.core.ReflectUtils,org.pitest.mutationtest.engine.gregor.mutators.RemoveConditionalMutator_EQUAL_ELSE,getClass,201,NO_COVERAGE,none
ReflectUtils.java,org.mockito.cglib.core.ReflectUtils,org.pitest.mutationtest.engine.gregor.mutators.RemoveConditionalMutator_EQUAL_ELSE,getClass,206,NO_COVERAGE,none
ReflectUtils.java,org.mockito.cglib.core.ReflectUtils,org.pitest.mutationtest.engine.gregor.mutators.RemoveConditionalMutator_EQUAL_IF,getClass,199,NO_COVERAGE,none
ReflectUtils.java,org.mockito.cglib.core.ReflectUtils,org.pitest.mutationtest.engine.gregor.mutators.RemoveConditionalMutator_EQUAL_IF,getClass,201,NO_COVERAGE,none
ReflectUtils.java,org.mockito.cglib.core.ReflectUtils,org.pitest.mutationtest.engine.gregor.mutators.RemoveConditionalMutator_EQUAL_IF,getClass,206,NO_COVERAGE,none
ReflectUtils.java,org.mockito.cglib.core.ReflectUtils,org.pitest.mutationtest.engine.gregor.mutators.RemoveConditionalMutator_ORDER_ELSE,getClass,180,NO_COVERAGE,none
ReflectUtils.java,org.mockito.cglib.core.ReflectUtils,org.pitest.mutationtest.engine.gregor.mutators.RemoveConditionalMutator_ORDER_ELSE,getClass,184,NO_COVERAGE,none
ReflectUtils.java,org.mockito.cglib.core.ReflectUtils,org.pitest.mutationtest.engine.gregor.mutators.RemoveConditionalMutator_ORDER_ELSE,getClass,189,NO_COVERAGE,none
ReflectUtils.java,org.mockito.cglib.core.ReflectUtils,org.pitest.mutationtest.engine.gregor.mutators.RemoveConditionalMutator_ORDER_ELSE,getClass,190,NO_COVERAGE,none
ReflectUtils.java,org.mockito.cglib.core.ReflectUtils,org.pitest.mutationtest.engine.gregor.mutators.RemoveConditionalMutator_ORDER_ELSE,getClass,194,NO_COVERAGE,none
ReflectUtils.java,org.mockito.cglib.core.ReflectUtils,org.pitest.mutationtest.engine.gregor.mutators.RemoveConditionalMutator_ORDER_IF,getClass,180,NO_COVERAGE,none
ReflectUtils.java,org.mockito.cglib.core.ReflectUtils,org.pitest.mutationtest.engine.gregor.mutators.RemoveConditionalMutator_ORDER_IF,getClass,184,NO_COVERAGE,none
ReflectUtils.java,org.mockito.cglib.core.ReflectUtils,org.pitest.mutationtest.engine.gregor.mutators.RemoveConditionalMutator_ORDER_IF,getClass,189,NO_COVERAGE,none
ReflectUtils.java,org.mockito.cglib.core.ReflectUtils,org.pitest.mutationtest.engine.gregor.mutators.RemoveConditionalMutator_ORDER_IF,getClass,190,NO_COVERAGE,none
ReflectUtils.java,org.mockito.cglib.core.ReflectUtils,org.pitest.mutationtest.engine.gregor.mutators.RemoveConditionalMutator_ORDER_IF,getClass,194,NO_COVERAGE,none
ReflectUtils.java,org.mockito.cglib.core.ReflectUtils,org.pitest.mutationtest.engine.gregor.mutators.ReturnValsMutator,getClass,192,NO_COVERAGE,none
ReflectUtils.java,org.mockito.cglib.core.ReflectUtils,org.pitest.mutationtest.engine.gregor.mutators.ReturnValsMutator,getClass,196,NO_COVERAGE,none
ReflectUtils.java,org.mockito.cglib.core.ReflectUtils,org.pitest.mutationtest.engine.gregor.mutators.ReturnValsMutator,getClass,202,NO_COVERAGE,none
ReflectUtils.java,org.mockito.cglib.core.ReflectUtils,org.pitest.mutationtest.engine.gregor.mutators.ReturnValsMutator,getClass,208,NO_COVERAGE,none
ReflectUtils.java,org.mockito.cglib.core.ReflectUtils,org.pitest.mutationtest.engine.gregor.mutators.experimental.NakedReceiverMutator,getClass,185,NO_COVERAGE,none
ReflectUtils.java,org.mockito.cglib.core.ReflectUtils,org.pitest.mutationtest.engine.gregor.mutators.experimental.NakedReceiverMutator,getClass,187,NO_COVERAGE,none
ReflectUtils.java,org.mockito.cglib.core.ReflectUtils,org.pitest.mutationtest.engine.gregor.mutators.experimental.NakedReceiverMutator,getClass,189,NO_COVERAGE,none
ReflectUtils.java,org.mockito.cglib.core.ReflectUtils,org.pitest.mutationtest.engine.gregor.mutators.experimental.NakedReceiverMutator,getClass,189,NO_COVERAGE,none
ReflectUtils.java,org.mockito.cglib.core.ReflectUtils,org.pitest.mutationtest.engine.gregor.mutators.experimental.NakedReceiverMutator,getClass,192,NO_COVERAGE,none
ReflectUtils.java,org.mockito.cglib.core.ReflectUtils,org.pitest.mutationtest.engine.gregor.mutators.experimental.NakedReceiverMutator,getClass,192,NO_COVERAGE,none
ReflectUtils.java,org.mockito.cglib.core.ReflectUtils,org.pitest.mutationtest.engine.gregor.mutators.experimental.NakedReceiverMutator,getClass,192,NO_COVERAGE,none
ReflectUtils.java,org.mockito.cglib.core.ReflectUtils,org.pitest.mutationtest.engine.gregor.mutators.experimental.NakedReceiverMutator,getClass,196,NO_COVERAGE,none
ReflectUtils.java,org.mockito.cglib.core.ReflectUtils,org.pitest.mutationtest.engine.gregor.mutators.experimental.NakedReceiverMutator,getClass,196,NO_COVERAGE,none
ReflectUtils.java,org.mockito.cglib.core.ReflectUtils,org.pitest.mutationtest.engine.gregor.mutators.experimental.NakedReceiverMutator,getClass,196,NO_COVERAGE,none
ReflectUtils.java,org.mockito.cglib.core.ReflectUtils,org.pitest.mutationtest.engine.gregor.mutators.experimental.NakedReceiverMutator,getClass,196,NO_COVERAGE,none
ReflectUtils.java,org.mockito.cglib.core.ReflectUtils,org.pitest.mutationtest.engine.gregor.mutators.experimental.NakedReceiverMutator,getClass,196,NO_COVERAGE,none
ReflectUtils.java,org.mockito.cglib.core.ReflectUtils,org.pitest.mutationtest.engine.gregor.mutators.experimental.NakedReceiverMutator,getClass,208,NO_COVERAGE,none
ReflectUtils.java,org.mockito.cglib.core.ReflectUtils,org.pitest.mutationtest.engine.gregor.mutators.experimental.NakedReceiverMutator,getClass,208,NO_COVERAGE,none
ReflectUtils.java,org.mockito.cglib.core.ReflectUtils,org.pitest.mutationtest.engine.gregor.mutators.experimental.RemoveIncrementsMutator,getClass,181,NO_COVERAGE,none
ReflectUtils.java,org.mockito.cglib.core.ReflectUtils,org.pitest.mutationtest.engine.gregor.mutators.ConstructorCallMutator,getClassInfo,428,NO_COVERAGE,none
ReflectUtils.java,org.mockito.cglib.core.ReflectUtils,org.pitest.mutationtest.engine.gregor.mutators.NegateConditionalsMutator,getClassInfo,427,NO_COVERAGE,none
ReflectUtils.java,org.mockito.cglib.core.ReflectUtils,org.pitest.mutationtest.engine.gregor.mutators.NonVoidMethodCallMutator,getClassInfo,426,NO_COVERAGE,none
ReflectUtils.java,org.mockito.cglib.core.ReflectUtils,org.pitest.mutationtest.engine.gregor.mutators.NonVoidMethodCallMutator,getClassInfo,427,NO_COVERAGE,none
ReflectUtils.java,org.mockito.cglib.core.ReflectUtils,org.pitest.mutationtest.engine.gregor.mutators.NonVoidMethodCallMutator,getClassInfo,427,NO_COVERAGE,none
ReflectUtils.java,org.mockito.cglib.core.ReflectUtils,org.pitest.mutationtest.engine.gregor.mutators.NonVoidMethodCallMutator,getClassInfo,427,NO_COVERAGE,none
ReflectUtils.java,org.mockito.cglib.core.ReflectUtils,org.pitest.mutationtest.engine.gregor.mutators.NullReturnValsMutator,getClassInfo,428,NO_COVERAGE,none
ReflectUtils.java,org.mockito.cglib.core.ReflectUtils,org.pitest.mutationtest.engine.gregor.mutators.RemoveConditionalMutator_EQUAL_ELSE,getClassInfo,427,NO_COVERAGE,none
ReflectUtils.java,org.mockito.cglib.core.ReflectUtils,org.pitest.mutationtest.engine.gregor.mutators.RemoveConditionalMutator_EQUAL_IF,getClassInfo,427,NO_COVERAGE,none
ReflectUtils.java,org.mockito.cglib.core.ReflectUtils,org.pitest.mutationtest.engine.gregor.mutators.ReturnValsMutator,getClassInfo,428,NO_COVERAGE,none
ReflectUtils.java,org.mockito.cglib.core.ReflectUtils,org.pitest.mutationtest.engine.gregor.mutators.experimental.NakedReceiverMutator,getClassInfo,427,NO_COVERAGE,none
ReflectUtils.java,org.mockito.cglib.core.ReflectUtils,org.pitest.mutationtest.engine.gregor.mutators.experimental.NakedReceiverMutator,getClassInfo,427,NO_COVERAGE,none
ReflectUtils.java,org.mockito.cglib.core.ReflectUtils,org.pitest.mutationtest.engine.gregor.mutators.ConditionalsBoundaryMutator,getClasses,266,KILLED,org.mockito.cglib.proxy.Mixin$Generator_ESTest.test03
ReflectUtils.java,org.mockito.cglib.core.ReflectUtils,org.pitest.mutationtest.engine.gregor.mutators.InlineConstantMutator,getClasses,266,KILLED,org.mockito.cglib.proxy.Mixin$Generator_ESTest.test02
ReflectUtils.java,org.mockito.cglib.core.ReflectUtils,org.pitest.mutationtest.engine.gregor.mutators.NegateConditionalsMutator,getClasses,266,KILLED,org.mockito.cglib.proxy.Mixin$Generator_ESTest.test02
ReflectUtils.java,org.mockito.cglib.core.ReflectUtils,org.pitest.mutationtest.engine.gregor.mutators.NonVoidMethodCallMutator,getClasses,267,KILLED,org.mockito.cglib.proxy.Mixin$Generator_ESTest.test02
ReflectUtils.java,org.mockito.cglib.core.ReflectUtils,org.pitest.mutationtest.engine.gregor.mutators.NullReturnValsMutator,getClasses,269,KILLED,org.mockito.cglib.proxy.Mixin$Generator_ESTest.test03
ReflectUtils.java,org.mockito.cglib.core.ReflectUtils,org.pitest.mutationtest.engine.gregor.mutators.RemoveConditionalMutator_ORDER_ELSE,getClasses,266,KILLED,org.mockito.cglib.proxy.Mixin$Generator_ESTest.test02
ReflectUtils.java,org.mockito.cglib.core.ReflectUtils,org.pitest.mutationtest.engine.gregor.mutators.RemoveConditionalMutator_ORDER_IF,getClasses,266,KILLED,org.mockito.cglib.proxy.Mixin$Generator_ESTest.test03
ReflectUtils.java,org.mockito.cglib.core.ReflectUtils,org.pitest.mutationtest.engine.gregor.mutators.ReturnValsMutator,getClasses,269,KILLED,org.mockito.cglib.proxy.Mixin$Generator_ESTest.test03
ReflectUtils.java,org.mockito.cglib.core.ReflectUtils,org.pitest.mutationtest.engine.gregor.mutators.ConstructorCallMutator,getConstructor,249,NO_COVERAGE,none
ReflectUtils.java,org.mockito.cglib.core.ReflectUtils,org.pitest.mutationtest.engine.gregor.mutators.InlineConstantMutator,getConstructor,246,SURVIVED,none
ReflectUtils.java,org.mockito.cglib.core.ReflectUtils,org.pitest.mutationtest.engine.gregor.mutators.NonVoidMethodCallMutator,getConstructor,245,SURVIVED,none
ReflectUtils.java,org.mockito.cglib.core.ReflectUtils,org.pitest.mutationtest.engine.gregor.mutators.NullReturnValsMutator,getConstructor,247,SURVIVED,none
ReflectUtils.java,org.mockito.cglib.core.ReflectUtils,org.pitest.mutationtest.engine.gregor.mutators.ReturnValsMutator,getConstructor,247,SURVIVED,none
ReflectUtils.java,org.mockito.cglib.core.ReflectUtils,org.pitest.mutationtest.engine.gregor.mutators.VoidMethodCallMutator,getConstructor,246,SURVIVED,none
ReflectUtils.java,org.mockito.cglib.core.ReflectUtils,org.pitest.mutationtest.engine.gregor.mutators.ConstructorCallMutator,getExceptionTypes,98,NO_COVERAGE,none
ReflectUtils.java,org.mockito.cglib.core.ReflectUtils,org.pitest.mutationtest.engine.gregor.mutators.NegateConditionalsMutator,getExceptionTypes,93,NO_COVERAGE,none
ReflectUtils.java,org.mockito.cglib.core.ReflectUtils,org.pitest.mutationtest.engine.gregor.mutators.NegateConditionalsMutator,getExceptionTypes,95,NO_COVERAGE,none
ReflectUtils.java,org.mockito.cglib.core.ReflectUtils,org.pitest.mutationtest.engine.gregor.mutators.NonVoidMethodCallMutator,getExceptionTypes,94,NO_COVERAGE,none
ReflectUtils.java,org.mockito.cglib.core.ReflectUtils,org.pitest.mutationtest.engine.gregor.mutators.NonVoidMethodCallMutator,getExceptionTypes,94,NO_COVERAGE,none
ReflectUtils.java,org.mockito.cglib.core.ReflectUtils,org.pitest.mutationtest.engine.gregor.mutators.NonVoidMethodCallMutator,getExceptionTypes,96,NO_COVERAGE,none
ReflectUtils.java,org.mockito.cglib.core.ReflectUtils,org.pitest.mutationtest.engine.gregor.mutators.NonVoidMethodCallMutator,getExceptionTypes,96,NO_COVERAGE,none
ReflectUtils.java,org.mockito.cglib.core.ReflectUtils,org.pitest.mutationtest.engine.gregor.mutators.NullReturnValsMutator,getExceptionTypes,94,NO_COVERAGE,none
ReflectUtils.java,org.mockito.cglib.core.ReflectUtils,org.pitest.mutationtest.engine.gregor.mutators.NullReturnValsMutator,getExceptionTypes,96,NO_COVERAGE,none
ReflectUtils.java,org.mockito.cglib.core.ReflectUtils,org.pitest.mutationtest.engine.gregor.mutators.RemoveConditionalMutator_EQUAL_ELSE,getExceptionTypes,93,NO_COVERAGE,none
ReflectUtils.java,org.mockito.cglib.core.ReflectUtils,org.pitest.mutationtest.engine.gregor.mutators.RemoveConditionalMutator_EQUAL_ELSE,getExceptionTypes,95,NO_COVERAGE,none
ReflectUtils.java,org.mockito.cglib.core.ReflectUtils,org.pitest.mutationtest.engine.gregor.mutators.RemoveConditionalMutator_EQUAL_IF,getExceptionTypes,93,NO_COVERAGE,none
ReflectUtils.java,org.mockito.cglib.core.ReflectUtils,org.pitest.mutationtest.engine.gregor.mutators.RemoveConditionalMutator_EQUAL_IF,getExceptionTypes,95,NO_COVERAGE,none
ReflectUtils.java,org.mockito.cglib.core.ReflectUtils,org.pitest.mutationtest.engine.gregor.mutators.ReturnValsMutator,getExceptionTypes,94,NO_COVERAGE,none
ReflectUtils.java,org.mockito.cglib.core.ReflectUtils,org.pitest.mutationtest.engine.gregor.mutators.ReturnValsMutator,getExceptionTypes,96,NO_COVERAGE,none
ReflectUtils.java,org.mockito.cglib.core.ReflectUtils,org.pitest.mutationtest.engine.gregor.mutators.NonVoidMethodCallMutator,getMethodInfo,422,NO_COVERAGE,none
ReflectUtils.java,org.mockito.cglib.core.ReflectUtils,org.pitest.mutationtest.engine.gregor.mutators.NonVoidMethodCallMutator,getMethodInfo,422,NO_COVERAGE,none
ReflectUtils.java,org.mockito.cglib.core.ReflectUtils,org.pitest.mutationtest.engine.gregor.mutators.NullReturnValsMutator,getMethodInfo,422,NO_COVERAGE,none
ReflectUtils.java,org.mockito.cglib.core.ReflectUtils,org.pitest.mutationtest.engine.gregor.mutators.ReturnValsMutator,getMethodInfo,422,NO_COVERAGE,none
ReflectUtils.java,org.mockito.cglib.core.ReflectUtils,org.pitest.mutationtest.engine.gregor.mutators.ConstructorCallMutator,getMethodInfo,399,NO_COVERAGE,none
ReflectUtils.java,org.mockito.cglib.core.ReflectUtils,org.pitest.mutationtest.engine.gregor.mutators.NonVoidMethodCallMutator,getMethodInfo,398,NO_COVERAGE,none
ReflectUtils.java,org.mockito.cglib.core.ReflectUtils,org.pitest.mutationtest.engine.gregor.mutators.NullReturnValsMutator,getMethodInfo,399,NO_COVERAGE,none
ReflectUtils.java,org.mockito.cglib.core.ReflectUtils,org.pitest.mutationtest.engine.gregor.mutators.ReturnValsMutator,getMethodInfo,399,NO_COVERAGE,none
ReflectUtils.java,org.mockito.cglib.core.ReflectUtils,org.pitest.mutationtest.engine.gregor.mutators.ConditionalsBoundaryMutator,getNames,258,NO_COVERAGE,none
ReflectUtils.java,org.mockito.cglib.core.ReflectUtils,org.pitest.mutationtest.engine.gregor.mutators.InlineConstantMutator,getNames,258,NO_COVERAGE,none
ReflectUtils.java,org.mockito.cglib.core.ReflectUtils,org.pitest.mutationtest.engine.gregor.mutators.NegateConditionalsMutator,getNames,255,NO_COVERAGE,none
ReflectUtils.java,org.mockito.cglib.core.ReflectUtils,org.pitest.mutationtest.engine.gregor.mutators.NegateConditionalsMutator,getNames,258,NO_COVERAGE,none
ReflectUtils.java,org.mockito.cglib.core.ReflectUtils,org.pitest.mutationtest.engine.gregor.mutators.NonVoidMethodCallMutator,getNames,259,NO_COVERAGE,none
ReflectUtils.java,org.mockito.cglib.core.ReflectUtils,org.pitest.mutationtest.engine.gregor.mutators.NullReturnValsMutator,getNames,261,NO_COVERAGE,none
ReflectUtils.java,org.mockito.cglib.core.ReflectUtils,org.pitest.mutationtest.engine.gregor.mutators.RemoveConditionalMutator_EQUAL_ELSE,getNames,255,NO_COVERAGE,none
ReflectUtils.java,org.mockito.cglib.core.ReflectUtils,org.pitest.mutationtest.engine.gregor.mutators.RemoveConditionalMutator_EQUAL_IF,getNames,255,NO_COVERAGE,none
ReflectUtils.java,org.mockito.cglib.core.ReflectUtils,org.pitest.mutationtest.engine.gregor.mutators.RemoveConditionalMutator_ORDER_ELSE,getNames,258,NO_COVERAGE,none
ReflectUtils.java,org.mockito.cglib.core.ReflectUtils,org.pitest.mutationtest.engine.gregor.mutators.RemoveConditionalMutator_ORDER_IF,getNames,258,NO_COVERAGE,none
ReflectUtils.java,org.mockito.cglib.core.ReflectUtils,org.pitest.mutationtest.engine.gregor.mutators.ReturnValsMutator,getNames,256,NO_COVERAGE,none
ReflectUtils.java,org.mockito.cglib.core.ReflectUtils,org.pitest.mutationtest.engine.gregor.mutators.ReturnValsMutator,getNames,261,NO_COVERAGE,none
ReflectUtils.java,org.mockito.cglib.core.ReflectUtils,org.pitest.mutationtest.engine.gregor.mutators.ArgumentPropagationMutator,getPropertiesHelper,322,NO_COVERAGE,none
ReflectUtils.java,org.mockito.cglib.core.ReflectUtils,org.pitest.mutationtest.engine.gregor.mutators.ConditionalsBoundaryMutator,getPropertiesHelper,315,NO_COVERAGE,none
ReflectUtils.java,org.mockito.cglib.core.ReflectUtils,org.pitest.mutationtest.engine.gregor.mutators.ConstructorCallMutator,getPropertiesHelper,314,NO_COVERAGE,none
ReflectUtils.java,org.mockito.cglib.core.ReflectUtils,org.pitest.mutationtest.engine.gregor.mutators.ConstructorCallMutator,getPropertiesHelper,324,NO_COVERAGE,none
ReflectUtils.java,org.mockito.cglib.core.ReflectUtils,org.pitest.mutationtest.engine.gregor.mutators.InlineConstantMutator,getPropertiesHelper,315,NO_COVERAGE,none
ReflectUtils.java,org.mockito.cglib.core.ReflectUtils,org.pitest.mutationtest.engine.gregor.mutators.NegateConditionalsMutator,getPropertiesHelper,311,NO_COVERAGE,none
ReflectUtils.java,org.mockito.cglib.core.ReflectUtils,org.pitest.mutationtest.engine.gregor.mutators.NegateConditionalsMutator,getPropertiesHelper,311,NO_COVERAGE,none
ReflectUtils.java,org.mockito.cglib.core.ReflectUtils,org.pitest.mutationtest.engine.gregor.mutators.NegateConditionalsMutator,getPropertiesHelper,315,NO_COVERAGE,none
ReflectUtils.java,org.mockito.cglib.core.ReflectUtils,org.pitest.mutationtest.engine.gregor.mutators.NegateConditionalsMutator,getPropertiesHelper,317,NO_COVERAGE,none
ReflectUtils.java,org.mockito.cglib.core.ReflectUtils,org.pitest.mutationtest.engine.gregor.mutators.NegateConditionalsMutator,getPropertiesHelper,317,NO_COVERAGE,none
ReflectUtils.java,org.mockito.cglib.core.ReflectUtils,org.pitest.mutationtest.engine.gregor.mutators.NegateConditionalsMutator,getPropertiesHelper,317,NO_COVERAGE,none
ReflectUtils.java,org.mockito.cglib.core.ReflectUtils,org.pitest.mutationtest.engine.gregor.mutators.NegateConditionalsMutator,getPropertiesHelper,317,NO_COVERAGE,none
ReflectUtils.java,org.mockito.cglib.core.ReflectUtils,org.pitest.mutationtest.engine.gregor.mutators.NonVoidMethodCallMutator,getPropertiesHelper,309,NO_COVERAGE,none
ReflectUtils.java,org.mockito.cglib.core.ReflectUtils,org.pitest.mutationtest.engine.gregor.mutators.NonVoidMethodCallMutator,getPropertiesHelper,310,NO_COVERAGE,none
ReflectUtils.java,org.mockito.cglib.core.ReflectUtils,org.pitest.mutationtest.engine.gregor.mutators.NonVoidMethodCallMutator,getPropertiesHelper,317,NO_COVERAGE,none
ReflectUtils.java,org.mockito.cglib.core.ReflectUtils,org.pitest.mutationtest.engine.gregor.mutators.NonVoidMethodCallMutator,getPropertiesHelper,317,NO_COVERAGE,none
ReflectUtils.java,org.mockito.cglib.core.ReflectUtils,org.pitest.mutationtest.engine.gregor.mutators.NonVoidMethodCallMutator,getPropertiesHelper,319,NO_COVERAGE,none
ReflectUtils.java,org.mockito.cglib.core.ReflectUtils,org.pitest.mutationtest.engine.gregor.mutators.NonVoidMethodCallMutator,getPropertiesHelper,322,NO_COVERAGE,none
ReflectUtils.java,org.mockito.cglib.core.ReflectUtils,org.pitest.mutationtest.engine.gregor.mutators.NonVoidMethodCallMutator,getPropertiesHelper,322,NO_COVERAGE,none
ReflectUtils.java,org.mockito.cglib.core.ReflectUtils,org.pitest.mutationtest.engine.gregor.mutators.NullReturnValsMutator,getPropertiesHelper,312,NO_COVERAGE,none
ReflectUtils.java,org.mockito.cglib.core.ReflectUtils,org.pitest.mutationtest.engine.gregor.mutators.NullReturnValsMutator,getPropertiesHelper,322,NO_COVERAGE,none
ReflectUtils.java,org.mockito.cglib.core.ReflectUtils,org.pitest.mutationtest.engine.gregor.mutators.RemoveConditionalMutator_EQUAL_ELSE,getPropertiesHelper,311,NO_COVERAGE,none
ReflectUtils.java,org.mockito.cglib.core.ReflectUtils,org.pitest.mutationtest.engine.gregor.mutators.RemoveConditionalMutator_EQUAL_ELSE,getPropertiesHelper,311,NO_COVERAGE,none
ReflectUtils.java,org.mockito.cglib.core.ReflectUtils,org.pitest.mutationtest.engine.gregor.mutators.RemoveConditionalMutator_EQUAL_ELSE,getPropertiesHelper,317,NO_COVERAGE,none
ReflectUtils.java,org.mockito.cglib.core.ReflectUtils,org.pitest.mutationtest.engine.gregor.mutators.RemoveConditionalMutator_EQUAL_ELSE,getPropertiesHelper,317,NO_COVERAGE,none
ReflectUtils.java,org.mockito.cglib.core.ReflectUtils,org.pitest.mutationtest.engine.gregor.mutators.RemoveConditionalMutator_EQUAL_ELSE,getPropertiesHelper,317,NO_COVERAGE,none
ReflectUtils.java,org.mockito.cglib.core.ReflectUtils,org.pitest.mutationtest.engine.gregor.mutators.RemoveConditionalMutator_EQUAL_ELSE,getPropertiesHelper,317,NO_COVERAGE,none
ReflectUtils.java,org.mockito.cglib.core.ReflectUtils,org.pitest.mutationtest.engine.gregor.mutators.RemoveConditionalMutator_EQUAL_IF,getPropertiesHelper,311,NO_COVERAGE,none
ReflectUtils.java,org.mockito.cglib.core.ReflectUtils,org.pitest.mutationtest.engine.gregor.mutators.RemoveConditionalMutator_EQUAL_IF,getPropertiesHelper,311,NO_COVERAGE,none
ReflectUtils.java,org.mockito.cglib.core.ReflectUtils,org.pitest.mutationtest.engine.gregor.mutators.RemoveConditionalMutator_EQUAL_IF,getPropertiesHelper,317,NO_COVERAGE,none
ReflectUtils.java,org.mockito.cglib.core.ReflectUtils,org.pitest.mutationtest.engine.gregor.mutators.RemoveConditionalMutator_EQUAL_IF,getPropertiesHelper,317,NO_COVERAGE,none
ReflectUtils.java,org.mockito.cglib.core.ReflectUtils,org.pitest.mutationtest.engine.gregor.mutators.RemoveConditionalMutator_EQUAL_IF,getPropertiesHelper,317,NO_COVERAGE,none
ReflectUtils.java,org.mockito.cglib.core.ReflectUtils,org.pitest.mutationtest.engine.gregor.mutators.RemoveConditionalMutator_EQUAL_IF,getPropertiesHelper,317,NO_COVERAGE,none
ReflectUtils.java,org.mockito.cglib.core.ReflectUtils,org.pitest.mutationtest.engine.gregor.mutators.RemoveConditionalMutator_ORDER_ELSE,getPropertiesHelper,315,NO_COVERAGE,none
ReflectUtils.java,org.mockito.cglib.core.ReflectUtils,org.pitest.mutationtest.engine.gregor.mutators.RemoveConditionalMutator_ORDER_IF,getPropertiesHelper,315,NO_COVERAGE,none
ReflectUtils.java,org.mockito.cglib.core.ReflectUtils,org.pitest.mutationtest.engine.gregor.mutators.ReturnValsMutator,getPropertiesHelper,312,NO_COVERAGE,none
ReflectUtils.java,org.mockito.cglib.core.ReflectUtils,org.pitest.mutationtest.engine.gregor.mutators.ReturnValsMutator,getPropertiesHelper,322,NO_COVERAGE,none
ReflectUtils.java,org.mockito.cglib.core.ReflectUtils,org.pitest.mutationtest.engine.gregor.mutators.ArgumentPropagationMutator,getPropertyMethods,292,NO_COVERAGE,none
ReflectUtils.java,org.mockito.cglib.core.ReflectUtils,org.pitest.mutationtest.engine.gregor.mutators.ConditionalsBoundaryMutator,getPropertyMethods,282,NO_COVERAGE,none
ReflectUtils.java,org.mockito.cglib.core.ReflectUtils,org.pitest.mutationtest.engine.gregor.mutators.ConstructorCallMutator,getPropertyMethods,281,NO_COVERAGE,none
ReflectUtils.java,org.mockito.cglib.core.ReflectUtils,org.pitest.mutationtest.engine.gregor.mutators.InlineConstantMutator,getPropertyMethods,282,NO_COVERAGE,none
ReflectUtils.java,org.mockito.cglib.core.ReflectUtils,org.pitest.mutationtest.engine.gregor.mutators.NegateConditionalsMutator,getPropertyMethods,282,NO_COVERAGE,none
ReflectUtils.java,org.mockito.cglib.core.ReflectUtils,org.pitest.mutationtest.engine.gregor.mutators.NegateConditionalsMutator,getPropertyMethods,284,NO_COVERAGE,none
ReflectUtils.java,org.mockito.cglib.core.ReflectUtils,org.pitest.mutationtest.engine.gregor.mutators.NegateConditionalsMutator,getPropertyMethods,287,NO_COVERAGE,none
ReflectUtils.java,org.mockito.cglib.core.ReflectUtils,org.pitest.mutationtest.engine.gregor.mutators.NonVoidMethodCallMutator,getPropertyMethods,285,NO_COVERAGE,none
ReflectUtils.java,org.mockito.cglib.core.ReflectUtils,org.pitest.mutationtest.engine.gregor.mutators.NonVoidMethodCallMutator,getPropertyMethods,285,NO_COVERAGE,none
ReflectUtils.java,org.mockito.cglib.core.ReflectUtils,org.pitest.mutationtest.engine.gregor.mutators.NonVoidMethodCallMutator,getPropertyMethods,288,NO_COVERAGE,none
ReflectUtils.java,org.mockito.cglib.core.ReflectUtils,org.pitest.mutationtest.engine.gregor.mutators.NonVoidMethodCallMutator,getPropertyMethods,288,NO_COVERAGE,none
ReflectUtils.java,org.mockito.cglib.core.ReflectUtils,org.pitest.mutationtest.engine.gregor.mutators.NonVoidMethodCallMutator,getPropertyMethods,291,NO_COVERAGE,none
ReflectUtils.java,org.mockito.cglib.core.ReflectUtils,org.pitest.mutationtest.engine.gregor.mutators.NonVoidMethodCallMutator,getPropertyMethods,292,NO_COVERAGE,none
ReflectUtils.java,org.mockito.cglib.core.ReflectUtils,org.pitest.mutationtest.engine.gregor.mutators.NonVoidMethodCallMutator,getPropertyMethods,292,NO_COVERAGE,none
ReflectUtils.java,org.mockito.cglib.core.ReflectUtils,org.pitest.mutationtest.engine.gregor.mutators.NullReturnValsMutator,getPropertyMethods,292,NO_COVERAGE,none
ReflectUtils.java,org.mockito.cglib.core.ReflectUtils,org.pitest.mutationtest.engine.gregor.mutators.RemoveConditionalMutator_EQUAL_ELSE,getPropertyMethods,284,NO_COVERAGE,none
ReflectUtils.java,org.mockito.cglib.core.ReflectUtils,org.pitest.mutationtest.engine.gregor.mutators.RemoveConditionalMutator_EQUAL_ELSE,getPropertyMethods,287,NO_COVERAGE,none
ReflectUtils.java,org.mockito.cglib.core.ReflectUtils,org.pitest.mutationtest.engine.gregor.mutators.RemoveConditionalMutator_EQUAL_IF,getPropertyMethods,284,NO_COVERAGE,none
ReflectUtils.java,org.mockito.cglib.core.ReflectUtils,org.pitest.mutationtest.engine.gregor.mutators.RemoveConditionalMutator_EQUAL_IF,getPropertyMethods,287,NO_COVERAGE,none
ReflectUtils.java,org.mockito.cglib.core.ReflectUtils,org.pitest.mutationtest.engine.gregor.mutators.RemoveConditionalMutator_ORDER_ELSE,getPropertyMethods,282,NO_COVERAGE,none
ReflectUtils.java,org.mockito.cglib.core.ReflectUtils,org.pitest.mutationtest.engine.gregor.mutators.RemoveConditionalMutator_ORDER_IF,getPropertyMethods,282,NO_COVERAGE,none
ReflectUtils.java,org.mockito.cglib.core.ReflectUtils,org.pitest.mutationtest.engine.gregor.mutators.ReturnValsMutator,getPropertyMethods,292,NO_COVERAGE,none
ReflectUtils.java,org.mockito.cglib.core.ReflectUtils,org.pitest.mutationtest.engine.gregor.mutators.ConstructorCallMutator,getSignature,104,SURVIVED,none
ReflectUtils.java,org.mockito.cglib.core.ReflectUtils,org.pitest.mutationtest.engine.gregor.mutators.ConstructorCallMutator,getSignature,107,NO_COVERAGE,none
ReflectUtils.java,org.mockito.cglib.core.ReflectUtils,org.pitest.mutationtest.engine.gregor.mutators.ConstructorCallMutator,getSignature,111,NO_COVERAGE,none
ReflectUtils.java,org.mockito.cglib.core.ReflectUtils,org.pitest.mutationtest.engine.gregor.mutators.NegateConditionalsMutator,getSignature,103,SURVIVED,none
ReflectUtils.java,org.mockito.cglib.core.ReflectUtils,org.pitest.mutationtest.engine.gregor.mutators.NegateConditionalsMutator,getSignature,105,NO_COVERAGE,none
ReflectUtils.java,org.mockito.cglib.core.ReflectUtils,org.pitest.mutationtest.engine.gregor.mutators.NonVoidMethodCallMutator,getSignature,104,SURVIVED,none
ReflectUtils.java,org.mockito.cglib.core.ReflectUtils,org.pitest.mutationtest.engine.gregor.mutators.NonVoidMethodCallMutator,getSignature,104,SURVIVED,none
ReflectUtils.java,org.mockito.cglib.core.ReflectUtils,org.pitest.mutationtest.engine.gregor.mutators.NonVoidMethodCallMutator,getSignature,106,NO_COVERAGE,none
ReflectUtils.java,org.mockito.cglib.core.ReflectUtils,org.pitest.mutationtest.engine.gregor.mutators.NonVoidMethodCallMutator,getSignature,106,NO_COVERAGE,none
ReflectUtils.java,org.mockito.cglib.core.ReflectUtils,org.pitest.mutationtest.engine.gregor.mutators.NonVoidMethodCallMutator,getSignature,107,NO_COVERAGE,none
ReflectUtils.java,org.mockito.cglib.core.ReflectUtils,org.pitest.mutationtest.engine.gregor.mutators.NullReturnValsMutator,getSignature,104,SURVIVED,none
ReflectUtils.java,org.mockito.cglib.core.ReflectUtils,org.pitest.mutationtest.engine.gregor.mutators.NullReturnValsMutator,getSignature,107,NO_COVERAGE,none
ReflectUtils.java,org.mockito.cglib.core.ReflectUtils,org.pitest.mutationtest.engine.gregor.mutators.RemoveConditionalMutator_EQUAL_ELSE,getSignature,103,SURVIVED,none
ReflectUtils.java,org.mockito.cglib.core.ReflectUtils,org.pitest.mutationtest.engine.gregor.mutators.RemoveConditionalMutator_EQUAL_ELSE,getSignature,105,NO_COVERAGE,none
ReflectUtils.java,org.mockito.cglib.core.ReflectUtils,org.pitest.mutationtest.engine.gregor.mutators.RemoveConditionalMutator_EQUAL_IF,getSignature,103,SURVIVED,none
ReflectUtils.java,org.mockito.cglib.core.ReflectUtils,org.pitest.mutationtest.engine.gregor.mutators.RemoveConditionalMutator_EQUAL_IF,getSignature,105,NO_COVERAGE,none
ReflectUtils.java,org.mockito.cglib.core.ReflectUtils,org.pitest.mutationtest.engine.gregor.mutators.ReturnValsMutator,getSignature,104,SURVIVED,none
ReflectUtils.java,org.mockito.cglib.core.ReflectUtils,org.pitest.mutationtest.engine.gregor.mutators.ReturnValsMutator,getSignature,107,NO_COVERAGE,none
ReflectUtils.java,org.mockito.cglib.core.ReflectUtils,org.pitest.mutationtest.engine.gregor.mutators.NonVoidMethodCallMutator,newInstance,217,SURVIVED,none
ReflectUtils.java,org.mockito.cglib.core.ReflectUtils,org.pitest.mutationtest.engine.gregor.mutators.NullReturnValsMutator,newInstance,217,SURVIVED,none
ReflectUtils.java,org.mockito.cglib.core.ReflectUtils,org.pitest.mutationtest.engine.gregor.mutators.ReturnValsMutator,newInstance,217,SURVIVED,none
ReflectUtils.java,org.mockito.cglib.core.ReflectUtils,org.pitest.mutationtest.engine.gregor.mutators.NonVoidMethodCallMutator,newInstance,221,SURVIVED,none
ReflectUtils.java,org.mockito.cglib.core.ReflectUtils,org.pitest.mutationtest.engine.gregor.mutators.NonVoidMethodCallMutator,newInstance,221,SURVIVED,none
ReflectUtils.java,org.mockito.cglib.core.ReflectUtils,org.pitest.mutationtest.engine.gregor.mutators.NullReturnValsMutator,newInstance,221,SURVIVED,none
ReflectUtils.java,org.mockito.cglib.core.ReflectUtils,org.pitest.mutationtest.engine.gregor.mutators.ReturnValsMutator,newInstance,221,SURVIVED,none
ReflectUtils.java,org.mockito.cglib.core.ReflectUtils,org.pitest.mutationtest.engine.gregor.mutators.ConstructorCallMutator,newInstance,232,NO_COVERAGE,none
ReflectUtils.java,org.mockito.cglib.core.ReflectUtils,org.pitest.mutationtest.engine.gregor.mutators.ConstructorCallMutator,newInstance,234,NO_COVERAGE,none
ReflectUtils.java,org.mockito.cglib.core.ReflectUtils,org.pitest.mutationtest.engine.gregor.mutators.ConstructorCallMutator,newInstance,236,NO_COVERAGE,none
ReflectUtils.java,org.mockito.cglib.core.ReflectUtils,org.pitest.mutationtest.engine.gregor.mutators.InlineConstantMutator,newInstance,228,SURVIVED,none
ReflectUtils.java,org.mockito.cglib.core.ReflectUtils,org.pitest.mutationtest.engine.gregor.mutators.NonVoidMethodCallMutator,newInstance,226,SURVIVED,none
ReflectUtils.java,org.mockito.cglib.core.ReflectUtils,org.pitest.mutationtest.engine.gregor.mutators.NonVoidMethodCallMutator,newInstance,229,SURVIVED,none
ReflectUtils.java,org.mockito.cglib.core.ReflectUtils,org.pitest.mutationtest.engine.gregor.mutators.NonVoidMethodCallMutator,newInstance,236,NO_COVERAGE,none
ReflectUtils.java,org.mockito.cglib.core.ReflectUtils,org.pitest.mutationtest.engine.gregor.mutators.NullReturnValsMutator,newInstance,238,SURVIVED,none
ReflectUtils.java,org.mockito.cglib.core.ReflectUtils,org.pitest.mutationtest.engine.gregor.mutators.ReturnValsMutator,newInstance,238,SURVIVED,none
ReflectUtils.java,org.mockito.cglib.core.ReflectUtils,org.pitest.mutationtest.engine.gregor.mutators.VoidMethodCallMutator,newInstance,228,SURVIVED,none
ReflectUtils.java,org.mockito.cglib.core.ReflectUtils,org.pitest.mutationtest.engine.gregor.mutators.VoidMethodCallMutator,newInstance,238,SURVIVED,none
ReflectUtils.java,org.mockito.cglib.core.ReflectUtils,org.pitest.mutationtest.engine.gregor.mutators.VoidMethodCallMutator,newInstance,238,SURVIVED,none
ReflectUtils.java,org.mockito.cglib.core.ReflectUtils,org.pitest.mutationtest.engine.gregor.mutators.ArgumentPropagationMutator,parseTypes,150,NO_COVERAGE,none
ReflectUtils.java,org.mockito.cglib.core.ReflectUtils,org.pitest.mutationtest.engine.gregor.mutators.ArgumentPropagationMutator,parseTypes,151,NO_COVERAGE,none
ReflectUtils.java,org.mockito.cglib.core.ReflectUtils,org.pitest.mutationtest.engine.gregor.mutators.ArgumentPropagationMutator,parseTypes,155,NO_COVERAGE,none
ReflectUtils.java,org.mockito.cglib.core.ReflectUtils,org.pitest.mutationtest.engine.gregor.mutators.ConditionalsBoundaryMutator,parseTypes,156,NO_COVERAGE,none
ReflectUtils.java,org.mockito.cglib.core.ReflectUtils,org.pitest.mutationtest.engine.gregor.mutators.ConditionalsBoundaryMutator,parseTypes,162,NO_COVERAGE,none
ReflectUtils.java,org.mockito.cglib.core.ReflectUtils,org.pitest.mutationtest.engine.gregor.mutators.ConditionalsBoundaryMutator,parseTypes,166,NO_COVERAGE,none
ReflectUtils.java,org.mockito.cglib.core.ReflectUtils,org.pitest.mutationtest.engine.gregor.mutators.ConstructorCallMutator,parseTypes,152,NO_COVERAGE,none
ReflectUtils.java,org.mockito.cglib.core.ReflectUtils,org.pitest.mutationtest.engine.gregor.mutators.InlineConstantMutator,parseTypes,150,NO_COVERAGE,none
ReflectUtils.java,org.mockito.cglib.core.ReflectUtils,org.pitest.mutationtest.engine.gregor.mutators.InlineConstantMutator,parseTypes,151,NO_COVERAGE,none
ReflectUtils.java,org.mockito.cglib.core.ReflectUtils,org.pitest.mutationtest.engine.gregor.mutators.InlineConstantMutator,parseTypes,153,NO_COVERAGE,none
ReflectUtils.java,org.mockito.cglib.core.ReflectUtils,org.pitest.mutationtest.engine.gregor.mutators.InlineConstantMutator,parseTypes,155,NO_COVERAGE,none
ReflectUtils.java,org.mockito.cglib.core.ReflectUtils,org.pitest.mutationtest.engine.gregor.mutators.InlineConstantMutator,parseTypes,160,NO_COVERAGE,none
ReflectUtils.java,org.mockito.cglib.core.ReflectUtils,org.pitest.mutationtest.engine.gregor.mutators.InlineConstantMutator,parseTypes,166,NO_COVERAGE,none
ReflectUtils.java,org.mockito.cglib.core.ReflectUtils,org.pitest.mutationtest.engine.gregor.mutators.MathMutator,parseTypes,153,NO_COVERAGE,none
ReflectUtils.java,org.mockito.cglib.core.ReflectUtils,org.pitest.mutationtest.engine.gregor.mutators.MathMutator,parseTypes,160,NO_COVERAGE,none
ReflectUtils.java,org.mockito.cglib.core.ReflectUtils,org.pitest.mutationtest.engine.gregor.mutators.NegateConditionalsMutator,parseTypes,156,NO_COVERAGE,none
ReflectUtils.java,org.mockito.cglib.core.ReflectUtils,org.pitest.mutationtest.engine.gregor.mutators.NegateConditionalsMutator,parseTypes,162,NO_COVERAGE,none
ReflectUtils.java,org.mockito.cglib.core.ReflectUtils,org.pitest.mutationtest.engine.gregor.mutators.NegateConditionalsMutator,parseTypes,166,NO_COVERAGE,none
ReflectUtils.java,org.mockito.cglib.core.ReflectUtils,org.pitest.mutationtest.engine.gregor.mutators.NonVoidMethodCallMutator,parseTypes,150,NO_COVERAGE,none
ReflectUtils.java,org.mockito.cglib.core.ReflectUtils,org.pitest.mutationtest.engine.gregor.mutators.NonVoidMethodCallMutator,parseTypes,151,NO_COVERAGE,none
ReflectUtils.java,org.mockito.cglib.core.ReflectUtils,org.pitest.mutationtest.engine.gregor.mutators.NonVoidMethodCallMutator,parseTypes,155,NO_COVERAGE,none
ReflectUtils.java,org.mockito.cglib.core.ReflectUtils,org.pitest.mutationtest.engine.gregor.mutators.NonVoidMethodCallMutator,parseTypes,159,NO_COVERAGE,none
ReflectUtils.java,org.mockito.cglib.core.ReflectUtils,org.pitest.mutationtest.engine.gregor.mutators.NonVoidMethodCallMutator,parseTypes,159,NO_COVERAGE,none
ReflectUtils.java,org.mockito.cglib.core.ReflectUtils,org.pitest.mutationtest.engine.gregor.mutators.NonVoidMethodCallMutator,parseTypes,159,NO_COVERAGE,none
ReflectUtils.java,org.mockito.cglib.core.ReflectUtils,org.pitest.mutationtest.engine.gregor.mutators.NonVoidMethodCallMutator,parseTypes,163,NO_COVERAGE,none
ReflectUtils.java,org.mockito.cglib.core.ReflectUtils,org.pitest.mutationtest.engine.gregor.mutators.NonVoidMethodCallMutator,parseTypes,163,NO_COVERAGE,none
ReflectUtils.java,org.mockito.cglib.core.ReflectUtils,org.pitest.mutationtest.engine.gregor.mutators.NonVoidMethodCallMutator,parseTypes,163,NO_COVERAGE,none
ReflectUtils.java,org.mockito.cglib.core.ReflectUtils,org.pitest.mutationtest.engine.gregor.mutators.NonVoidMethodCallMutator,parseTypes,165,NO_COVERAGE,none
ReflectUtils.java,org.mockito.cglib.core.ReflectUtils,org.pitest.mutationtest.engine.gregor.mutators.NonVoidMethodCallMutator,parseTypes,167,NO_COVERAGE,none
ReflectUtils.java,org.mockito.cglib.core.ReflectUtils,org.pitest.mutationtest.engine.gregor.mutators.NonVoidMethodCallMutator,parseTypes,167,NO_COVERAGE,none
ReflectUtils.java,org.mockito.cglib.core.ReflectUtils,org.pitest.mutationtest.engine.gregor.mutators.NullReturnValsMutator,parseTypes,169,NO_COVERAGE,none
ReflectUtils.java,org.mockito.cglib.core.ReflectUtils,org.pitest.mutationtest.engine.gregor.mutators.RemoveConditionalMutator_ORDER_ELSE,parseTypes,156,NO_COVERAGE,none
ReflectUtils.java,org.mockito.cglib.core.ReflectUtils,org.pitest.mutationtest.engine.gregor.mutators.RemoveConditionalMutator_ORDER_ELSE,parseTypes,162,NO_COVERAGE,none
ReflectUtils.java,org.mockito.cglib.core.ReflectUtils,org.pitest.mutationtest.engine.gregor.mutators.RemoveConditionalMutator_ORDER_ELSE,parseTypes,166,NO_COVERAGE,none
ReflectUtils.java,org.mockito.cglib.core.ReflectUtils,org.pitest.mutationtest.engine.gregor.mutators.RemoveConditionalMutator_ORDER_IF,parseTypes,156,NO_COVERAGE,none
ReflectUtils.java,org.mockito.cglib.core.ReflectUtils,org.pitest.mutationtest.engine.gregor.mutators.RemoveConditionalMutator_ORDER_IF,parseTypes,162,NO_COVERAGE,none
ReflectUtils.java,org.mockito.cglib.core.ReflectUtils,org.pitest.mutationtest.engine.gregor.mutators.RemoveConditionalMutator_ORDER_IF,parseTypes,166,NO_COVERAGE,none
ReflectUtils.java,org.mockito.cglib.core.ReflectUtils,org.pitest.mutationtest.engine.gregor.mutators.ReturnValsMutator,parseTypes,169,NO_COVERAGE,none
ReflectUtils.java,org.mockito.cglib.core.ReflectUtils,org.pitest.mutationtest.engine.gregor.mutators.experimental.NakedReceiverMutator,parseTypes,159,NO_COVERAGE,none
ReflectUtils.java,org.mockito.cglib.core.ReflectUtils,org.pitest.mutationtest.engine.gregor.mutators.experimental.NakedReceiverMutator,parseTypes,159,NO_COVERAGE,none
ReflectUtils.java,org.mockito.cglib.core.ReflectUtils,org.pitest.mutationtest.engine.gregor.mutators.experimental.NakedReceiverMutator,parseTypes,163,NO_COVERAGE,none
ReflectUtils.java,org.mockito.cglib.core.ReflectUtils,org.pitest.mutationtest.engine.gregor.mutators.experimental.NakedReceiverMutator,parseTypes,163,NO_COVERAGE,none
