JSDocInfo.java,com.google.javascript.rhino.JSDocInfo,org.pitest.mutationtest.engine.gregor.mutators.InlineConstantMutator,<init>,266,KILLED,RegressionTest4.test2062(RegressionTest4)
JSDocInfo.java,com.google.javascript.rhino.JSDocInfo,org.pitest.mutationtest.engine.gregor.mutators.InlineConstantMutator,<init>,288,SURVIVED,none
JSDocInfo.java,com.google.javascript.rhino.JSDocInfo,org.pitest.mutationtest.engine.gregor.mutators.experimental.MemberVariableMutator,<init>,246,SURVIVED,none
JSDocInfo.java,com.google.javascript.rhino.JSDocInfo,org.pitest.mutationtest.engine.gregor.mutators.experimental.MemberVariableMutator,<init>,248,SURVIVED,none
JSDocInfo.java,com.google.javascript.rhino.JSDocInfo,org.pitest.mutationtest.engine.gregor.mutators.experimental.MemberVariableMutator,<init>,251,SURVIVED,none
JSDocInfo.java,com.google.javascript.rhino.JSDocInfo,org.pitest.mutationtest.engine.gregor.mutators.experimental.MemberVariableMutator,<init>,253,SURVIVED,none
JSDocInfo.java,com.google.javascript.rhino.JSDocInfo,org.pitest.mutationtest.engine.gregor.mutators.experimental.MemberVariableMutator,<init>,266,SURVIVED,none
JSDocInfo.java,com.google.javascript.rhino.JSDocInfo,org.pitest.mutationtest.engine.gregor.mutators.experimental.MemberVariableMutator,<init>,276,SURVIVED,none
JSDocInfo.java,com.google.javascript.rhino.JSDocInfo,org.pitest.mutationtest.engine.gregor.mutators.experimental.MemberVariableMutator,<init>,281,SURVIVED,none
JSDocInfo.java,com.google.javascript.rhino.JSDocInfo,org.pitest.mutationtest.engine.gregor.mutators.experimental.MemberVariableMutator,<init>,288,SURVIVED,none
JSDocInfo.java,com.google.javascript.rhino.JSDocInfo,org.pitest.mutationtest.engine.gregor.mutators.InlineConstantMutator,<init>,266,SURVIVED,none
JSDocInfo.java,com.google.javascript.rhino.JSDocInfo,org.pitest.mutationtest.engine.gregor.mutators.InlineConstantMutator,<init>,288,SURVIVED,none
JSDocInfo.java,com.google.javascript.rhino.JSDocInfo,org.pitest.mutationtest.engine.gregor.mutators.experimental.MemberVariableMutator,<init>,246,SURVIVED,none
JSDocInfo.java,com.google.javascript.rhino.JSDocInfo,org.pitest.mutationtest.engine.gregor.mutators.experimental.MemberVariableMutator,<init>,248,SURVIVED,none
JSDocInfo.java,com.google.javascript.rhino.JSDocInfo,org.pitest.mutationtest.engine.gregor.mutators.experimental.MemberVariableMutator,<init>,251,SURVIVED,none
JSDocInfo.java,com.google.javascript.rhino.JSDocInfo,org.pitest.mutationtest.engine.gregor.mutators.experimental.MemberVariableMutator,<init>,253,SURVIVED,none
JSDocInfo.java,com.google.javascript.rhino.JSDocInfo,org.pitest.mutationtest.engine.gregor.mutators.experimental.MemberVariableMutator,<init>,266,SURVIVED,none
JSDocInfo.java,com.google.javascript.rhino.JSDocInfo,org.pitest.mutationtest.engine.gregor.mutators.experimental.MemberVariableMutator,<init>,276,SURVIVED,none
JSDocInfo.java,com.google.javascript.rhino.JSDocInfo,org.pitest.mutationtest.engine.gregor.mutators.experimental.MemberVariableMutator,<init>,281,SURVIVED,none
JSDocInfo.java,com.google.javascript.rhino.JSDocInfo,org.pitest.mutationtest.engine.gregor.mutators.experimental.MemberVariableMutator,<init>,288,SURVIVED,none
JSDocInfo.java,com.google.javascript.rhino.JSDocInfo,org.pitest.mutationtest.engine.gregor.mutators.experimental.MemberVariableMutator,<init>,334,NO_COVERAGE,none
JSDocInfo.java,com.google.javascript.rhino.JSDocInfo,org.pitest.mutationtest.engine.gregor.mutators.BooleanFalseReturnValsMutator,addExtendedInterface,1278,NO_COVERAGE,none
JSDocInfo.java,com.google.javascript.rhino.JSDocInfo,org.pitest.mutationtest.engine.gregor.mutators.BooleanTrueReturnValsMutator,addExtendedInterface,1275,NO_COVERAGE,none
JSDocInfo.java,com.google.javascript.rhino.JSDocInfo,org.pitest.mutationtest.engine.gregor.mutators.InlineConstantMutator,addExtendedInterface,1272,NO_COVERAGE,none
JSDocInfo.java,com.google.javascript.rhino.JSDocInfo,org.pitest.mutationtest.engine.gregor.mutators.InlineConstantMutator,addExtendedInterface,1275,NO_COVERAGE,none
JSDocInfo.java,com.google.javascript.rhino.JSDocInfo,org.pitest.mutationtest.engine.gregor.mutators.InlineConstantMutator,addExtendedInterface,1278,NO_COVERAGE,none
JSDocInfo.java,com.google.javascript.rhino.JSDocInfo,org.pitest.mutationtest.engine.gregor.mutators.NegateConditionalsMutator,addExtendedInterface,1271,NO_COVERAGE,none
JSDocInfo.java,com.google.javascript.rhino.JSDocInfo,org.pitest.mutationtest.engine.gregor.mutators.NegateConditionalsMutator,addExtendedInterface,1274,NO_COVERAGE,none
JSDocInfo.java,com.google.javascript.rhino.JSDocInfo,org.pitest.mutationtest.engine.gregor.mutators.NonVoidMethodCallMutator,addExtendedInterface,1272,NO_COVERAGE,none
JSDocInfo.java,com.google.javascript.rhino.JSDocInfo,org.pitest.mutationtest.engine.gregor.mutators.NonVoidMethodCallMutator,addExtendedInterface,1274,NO_COVERAGE,none
JSDocInfo.java,com.google.javascript.rhino.JSDocInfo,org.pitest.mutationtest.engine.gregor.mutators.NonVoidMethodCallMutator,addExtendedInterface,1277,NO_COVERAGE,none
JSDocInfo.java,com.google.javascript.rhino.JSDocInfo,org.pitest.mutationtest.engine.gregor.mutators.RemoveConditionalMutator_EQUAL_ELSE,addExtendedInterface,1271,NO_COVERAGE,none
JSDocInfo.java,com.google.javascript.rhino.JSDocInfo,org.pitest.mutationtest.engine.gregor.mutators.RemoveConditionalMutator_EQUAL_ELSE,addExtendedInterface,1274,NO_COVERAGE,none
JSDocInfo.java,com.google.javascript.rhino.JSDocInfo,org.pitest.mutationtest.engine.gregor.mutators.RemoveConditionalMutator_EQUAL_IF,addExtendedInterface,1271,NO_COVERAGE,none
JSDocInfo.java,com.google.javascript.rhino.JSDocInfo,org.pitest.mutationtest.engine.gregor.mutators.RemoveConditionalMutator_EQUAL_IF,addExtendedInterface,1274,NO_COVERAGE,none
JSDocInfo.java,com.google.javascript.rhino.JSDocInfo,org.pitest.mutationtest.engine.gregor.mutators.ReturnValsMutator,addExtendedInterface,1275,NO_COVERAGE,none
JSDocInfo.java,com.google.javascript.rhino.JSDocInfo,org.pitest.mutationtest.engine.gregor.mutators.ReturnValsMutator,addExtendedInterface,1278,NO_COVERAGE,none
JSDocInfo.java,com.google.javascript.rhino.JSDocInfo,org.pitest.mutationtest.engine.gregor.mutators.VoidMethodCallMutator,addExtendedInterface,1270,NO_COVERAGE,none
JSDocInfo.java,com.google.javascript.rhino.JSDocInfo,org.pitest.mutationtest.engine.gregor.mutators.experimental.MemberVariableMutator,addExtendedInterface,1272,NO_COVERAGE,none
JSDocInfo.java,com.google.javascript.rhino.JSDocInfo,org.pitest.mutationtest.engine.gregor.mutators.BooleanFalseReturnValsMutator,addImplementedInterface,1237,NO_COVERAGE,none
JSDocInfo.java,com.google.javascript.rhino.JSDocInfo,org.pitest.mutationtest.engine.gregor.mutators.BooleanTrueReturnValsMutator,addImplementedInterface,1234,NO_COVERAGE,none
JSDocInfo.java,com.google.javascript.rhino.JSDocInfo,org.pitest.mutationtest.engine.gregor.mutators.InlineConstantMutator,addImplementedInterface,1231,NO_COVERAGE,none
JSDocInfo.java,com.google.javascript.rhino.JSDocInfo,org.pitest.mutationtest.engine.gregor.mutators.InlineConstantMutator,addImplementedInterface,1234,NO_COVERAGE,none
JSDocInfo.java,com.google.javascript.rhino.JSDocInfo,org.pitest.mutationtest.engine.gregor.mutators.InlineConstantMutator,addImplementedInterface,1237,NO_COVERAGE,none
JSDocInfo.java,com.google.javascript.rhino.JSDocInfo,org.pitest.mutationtest.engine.gregor.mutators.NegateConditionalsMutator,addImplementedInterface,1230,NO_COVERAGE,none
JSDocInfo.java,com.google.javascript.rhino.JSDocInfo,org.pitest.mutationtest.engine.gregor.mutators.NegateConditionalsMutator,addImplementedInterface,1233,NO_COVERAGE,none
JSDocInfo.java,com.google.javascript.rhino.JSDocInfo,org.pitest.mutationtest.engine.gregor.mutators.NonVoidMethodCallMutator,addImplementedInterface,1231,NO_COVERAGE,none
JSDocInfo.java,com.google.javascript.rhino.JSDocInfo,org.pitest.mutationtest.engine.gregor.mutators.NonVoidMethodCallMutator,addImplementedInterface,1233,NO_COVERAGE,none
JSDocInfo.java,com.google.javascript.rhino.JSDocInfo,org.pitest.mutationtest.engine.gregor.mutators.NonVoidMethodCallMutator,addImplementedInterface,1236,NO_COVERAGE,none
JSDocInfo.java,com.google.javascript.rhino.JSDocInfo,org.pitest.mutationtest.engine.gregor.mutators.RemoveConditionalMutator_EQUAL_ELSE,addImplementedInterface,1230,NO_COVERAGE,none
JSDocInfo.java,com.google.javascript.rhino.JSDocInfo,org.pitest.mutationtest.engine.gregor.mutators.RemoveConditionalMutator_EQUAL_ELSE,addImplementedInterface,1233,NO_COVERAGE,none
JSDocInfo.java,com.google.javascript.rhino.JSDocInfo,org.pitest.mutationtest.engine.gregor.mutators.RemoveConditionalMutator_EQUAL_IF,addImplementedInterface,1230,NO_COVERAGE,none
JSDocInfo.java,com.google.javascript.rhino.JSDocInfo,org.pitest.mutationtest.engine.gregor.mutators.RemoveConditionalMutator_EQUAL_IF,addImplementedInterface,1233,NO_COVERAGE,none
JSDocInfo.java,com.google.javascript.rhino.JSDocInfo,org.pitest.mutationtest.engine.gregor.mutators.ReturnValsMutator,addImplementedInterface,1234,NO_COVERAGE,none
JSDocInfo.java,com.google.javascript.rhino.JSDocInfo,org.pitest.mutationtest.engine.gregor.mutators.ReturnValsMutator,addImplementedInterface,1237,NO_COVERAGE,none
JSDocInfo.java,com.google.javascript.rhino.JSDocInfo,org.pitest.mutationtest.engine.gregor.mutators.VoidMethodCallMutator,addImplementedInterface,1229,NO_COVERAGE,none
JSDocInfo.java,com.google.javascript.rhino.JSDocInfo,org.pitest.mutationtest.engine.gregor.mutators.experimental.MemberVariableMutator,addImplementedInterface,1231,NO_COVERAGE,none
JSDocInfo.java,com.google.javascript.rhino.JSDocInfo,org.pitest.mutationtest.engine.gregor.mutators.ConstructorCallMutator,addMarker,656,NO_COVERAGE,none
JSDocInfo.java,com.google.javascript.rhino.JSDocInfo,org.pitest.mutationtest.engine.gregor.mutators.NegateConditionalsMutator,addMarker,648,NO_COVERAGE,none
JSDocInfo.java,com.google.javascript.rhino.JSDocInfo,org.pitest.mutationtest.engine.gregor.mutators.NegateConditionalsMutator,addMarker,652,NO_COVERAGE,none
JSDocInfo.java,com.google.javascript.rhino.JSDocInfo,org.pitest.mutationtest.engine.gregor.mutators.NonVoidMethodCallMutator,addMarker,648,NO_COVERAGE,none
JSDocInfo.java,com.google.javascript.rhino.JSDocInfo,org.pitest.mutationtest.engine.gregor.mutators.NonVoidMethodCallMutator,addMarker,653,NO_COVERAGE,none
JSDocInfo.java,com.google.javascript.rhino.JSDocInfo,org.pitest.mutationtest.engine.gregor.mutators.NonVoidMethodCallMutator,addMarker,657,NO_COVERAGE,none
JSDocInfo.java,com.google.javascript.rhino.JSDocInfo,org.pitest.mutationtest.engine.gregor.mutators.NullReturnValsMutator,addMarker,658,NO_COVERAGE,none
JSDocInfo.java,com.google.javascript.rhino.JSDocInfo,org.pitest.mutationtest.engine.gregor.mutators.RemoveConditionalMutator_EQUAL_ELSE,addMarker,648,NO_COVERAGE,none
JSDocInfo.java,com.google.javascript.rhino.JSDocInfo,org.pitest.mutationtest.engine.gregor.mutators.RemoveConditionalMutator_EQUAL_ELSE,addMarker,652,NO_COVERAGE,none
JSDocInfo.java,com.google.javascript.rhino.JSDocInfo,org.pitest.mutationtest.engine.gregor.mutators.RemoveConditionalMutator_EQUAL_IF,addMarker,648,NO_COVERAGE,none
JSDocInfo.java,com.google.javascript.rhino.JSDocInfo,org.pitest.mutationtest.engine.gregor.mutators.RemoveConditionalMutator_EQUAL_IF,addMarker,652,NO_COVERAGE,none
JSDocInfo.java,com.google.javascript.rhino.JSDocInfo,org.pitest.mutationtest.engine.gregor.mutators.ReturnValsMutator,addMarker,649,NO_COVERAGE,none
JSDocInfo.java,com.google.javascript.rhino.JSDocInfo,org.pitest.mutationtest.engine.gregor.mutators.ReturnValsMutator,addMarker,658,NO_COVERAGE,none
JSDocInfo.java,com.google.javascript.rhino.JSDocInfo,org.pitest.mutationtest.engine.gregor.mutators.experimental.MemberVariableMutator,addMarker,653,NO_COVERAGE,none
JSDocInfo.java,com.google.javascript.rhino.JSDocInfo,org.pitest.mutationtest.engine.gregor.mutators.NegateConditionalsMutator,addModifies,710,NO_COVERAGE,none
JSDocInfo.java,com.google.javascript.rhino.JSDocInfo,org.pitest.mutationtest.engine.gregor.mutators.NonVoidMethodCallMutator,addModifies,711,NO_COVERAGE,none
JSDocInfo.java,com.google.javascript.rhino.JSDocInfo,org.pitest.mutationtest.engine.gregor.mutators.NonVoidMethodCallMutator,addModifies,713,NO_COVERAGE,none
JSDocInfo.java,com.google.javascript.rhino.JSDocInfo,org.pitest.mutationtest.engine.gregor.mutators.RemoveConditionalMutator_EQUAL_ELSE,addModifies,710,NO_COVERAGE,none
JSDocInfo.java,com.google.javascript.rhino.JSDocInfo,org.pitest.mutationtest.engine.gregor.mutators.RemoveConditionalMutator_EQUAL_IF,addModifies,710,NO_COVERAGE,none
JSDocInfo.java,com.google.javascript.rhino.JSDocInfo,org.pitest.mutationtest.engine.gregor.mutators.VoidMethodCallMutator,addModifies,708,NO_COVERAGE,none
JSDocInfo.java,com.google.javascript.rhino.JSDocInfo,org.pitest.mutationtest.engine.gregor.mutators.experimental.MemberVariableMutator,addModifies,711,NO_COVERAGE,none
JSDocInfo.java,com.google.javascript.rhino.JSDocInfo,org.pitest.mutationtest.engine.gregor.mutators.NegateConditionalsMutator,addSuppression,683,KILLED,RegressionTest4.test2043(RegressionTest4)
JSDocInfo.java,com.google.javascript.rhino.JSDocInfo,org.pitest.mutationtest.engine.gregor.mutators.NonVoidMethodCallMutator,addSuppression,684,KILLED,RegressionTest4.test2043(RegressionTest4)
JSDocInfo.java,com.google.javascript.rhino.JSDocInfo,org.pitest.mutationtest.engine.gregor.mutators.NonVoidMethodCallMutator,addSuppression,686,SURVIVED,none
JSDocInfo.java,com.google.javascript.rhino.JSDocInfo,org.pitest.mutationtest.engine.gregor.mutators.RemoveConditionalMutator_EQUAL_ELSE,addSuppression,683,KILLED,RegressionTest4.test2043(RegressionTest4)
JSDocInfo.java,com.google.javascript.rhino.JSDocInfo,org.pitest.mutationtest.engine.gregor.mutators.RemoveConditionalMutator_EQUAL_IF,addSuppression,683,SURVIVED,none
JSDocInfo.java,com.google.javascript.rhino.JSDocInfo,org.pitest.mutationtest.engine.gregor.mutators.VoidMethodCallMutator,addSuppression,681,KILLED,RegressionTest4.test2043(RegressionTest4)
JSDocInfo.java,com.google.javascript.rhino.JSDocInfo,org.pitest.mutationtest.engine.gregor.mutators.experimental.MemberVariableMutator,addSuppression,684,KILLED,RegressionTest4.test2043(RegressionTest4)
JSDocInfo.java,com.google.javascript.rhino.JSDocInfo,org.pitest.mutationtest.engine.gregor.mutators.BooleanTrueReturnValsMutator,containsDeclaration,594,KILLED,RegressionTest4.test2029(RegressionTest4)
JSDocInfo.java,com.google.javascript.rhino.JSDocInfo,org.pitest.mutationtest.engine.gregor.mutators.ConditionalsBoundaryMutator,containsDeclaration,594,KILLED,RegressionTest4.test2029(RegressionTest4)
JSDocInfo.java,com.google.javascript.rhino.JSDocInfo,org.pitest.mutationtest.engine.gregor.mutators.InlineConstantMutator,containsDeclaration,594,SURVIVED,none
JSDocInfo.java,com.google.javascript.rhino.JSDocInfo,org.pitest.mutationtest.engine.gregor.mutators.InlineConstantMutator,containsDeclaration,594,SURVIVED,none
JSDocInfo.java,com.google.javascript.rhino.JSDocInfo,org.pitest.mutationtest.engine.gregor.mutators.InlineConstantMutator,containsDeclaration,594,KILLED,RegressionTest4.test2029(RegressionTest4)
JSDocInfo.java,com.google.javascript.rhino.JSDocInfo,org.pitest.mutationtest.engine.gregor.mutators.NegateConditionalsMutator,containsDeclaration,594,KILLED,RegressionTest4.test2029(RegressionTest4)
JSDocInfo.java,com.google.javascript.rhino.JSDocInfo,org.pitest.mutationtest.engine.gregor.mutators.NegateConditionalsMutator,containsDeclaration,594,KILLED,RegressionTest4.test2029(RegressionTest4)
JSDocInfo.java,com.google.javascript.rhino.JSDocInfo,org.pitest.mutationtest.engine.gregor.mutators.NegateConditionalsMutator,containsDeclaration,594,KILLED,RegressionTest4.test2029(RegressionTest4)
JSDocInfo.java,com.google.javascript.rhino.JSDocInfo,org.pitest.mutationtest.engine.gregor.mutators.NegateConditionalsMutator,containsDeclaration,594,KILLED,RegressionTest4.test2029(RegressionTest4)
JSDocInfo.java,com.google.javascript.rhino.JSDocInfo,org.pitest.mutationtest.engine.gregor.mutators.NegateConditionalsMutator,containsDeclaration,594,KILLED,RegressionTest4.test2029(RegressionTest4)
JSDocInfo.java,com.google.javascript.rhino.JSDocInfo,org.pitest.mutationtest.engine.gregor.mutators.NegateConditionalsMutator,containsDeclaration,594,KILLED,RegressionTest4.test2029(RegressionTest4)
JSDocInfo.java,com.google.javascript.rhino.JSDocInfo,org.pitest.mutationtest.engine.gregor.mutators.NegateConditionalsMutator,containsDeclaration,594,KILLED,RegressionTest4.test2029(RegressionTest4)
JSDocInfo.java,com.google.javascript.rhino.JSDocInfo,org.pitest.mutationtest.engine.gregor.mutators.NonVoidMethodCallMutator,containsDeclaration,594,SURVIVED,none
JSDocInfo.java,com.google.javascript.rhino.JSDocInfo,org.pitest.mutationtest.engine.gregor.mutators.NonVoidMethodCallMutator,containsDeclaration,594,SURVIVED,none
JSDocInfo.java,com.google.javascript.rhino.JSDocInfo,org.pitest.mutationtest.engine.gregor.mutators.NonVoidMethodCallMutator,containsDeclaration,594,SURVIVED,none
JSDocInfo.java,com.google.javascript.rhino.JSDocInfo,org.pitest.mutationtest.engine.gregor.mutators.NonVoidMethodCallMutator,containsDeclaration,594,SURVIVED,none
JSDocInfo.java,com.google.javascript.rhino.JSDocInfo,org.pitest.mutationtest.engine.gregor.mutators.NonVoidMethodCallMutator,containsDeclaration,594,SURVIVED,none
JSDocInfo.java,com.google.javascript.rhino.JSDocInfo,org.pitest.mutationtest.engine.gregor.mutators.NonVoidMethodCallMutator,containsDeclaration,594,SURVIVED,none
JSDocInfo.java,com.google.javascript.rhino.JSDocInfo,org.pitest.mutationtest.engine.gregor.mutators.NonVoidMethodCallMutator,containsDeclaration,594,SURVIVED,none
JSDocInfo.java,com.google.javascript.rhino.JSDocInfo,org.pitest.mutationtest.engine.gregor.mutators.RemoveConditionalMutator_EQUAL_ELSE,containsDeclaration,594,KILLED,RegressionTest4.test2029(RegressionTest4)
JSDocInfo.java,com.google.javascript.rhino.JSDocInfo,org.pitest.mutationtest.engine.gregor.mutators.RemoveConditionalMutator_EQUAL_ELSE,containsDeclaration,594,KILLED,RegressionTest4.test2029(RegressionTest4)
JSDocInfo.java,com.google.javascript.rhino.JSDocInfo,org.pitest.mutationtest.engine.gregor.mutators.RemoveConditionalMutator_EQUAL_ELSE,containsDeclaration,594,KILLED,RegressionTest4.test2029(RegressionTest4)
JSDocInfo.java,com.google.javascript.rhino.JSDocInfo,org.pitest.mutationtest.engine.gregor.mutators.RemoveConditionalMutator_EQUAL_ELSE,containsDeclaration,594,KILLED,RegressionTest4.test2029(RegressionTest4)
JSDocInfo.java,com.google.javascript.rhino.JSDocInfo,org.pitest.mutationtest.engine.gregor.mutators.RemoveConditionalMutator_EQUAL_ELSE,containsDeclaration,594,KILLED,RegressionTest4.test2029(RegressionTest4)
JSDocInfo.java,com.google.javascript.rhino.JSDocInfo,org.pitest.mutationtest.engine.gregor.mutators.RemoveConditionalMutator_EQUAL_ELSE,containsDeclaration,594,SURVIVED,none
JSDocInfo.java,com.google.javascript.rhino.JSDocInfo,org.pitest.mutationtest.engine.gregor.mutators.RemoveConditionalMutator_EQUAL_IF,containsDeclaration,594,SURVIVED,none
JSDocInfo.java,com.google.javascript.rhino.JSDocInfo,org.pitest.mutationtest.engine.gregor.mutators.RemoveConditionalMutator_EQUAL_IF,containsDeclaration,594,SURVIVED,none
JSDocInfo.java,com.google.javascript.rhino.JSDocInfo,org.pitest.mutationtest.engine.gregor.mutators.RemoveConditionalMutator_EQUAL_IF,containsDeclaration,594,SURVIVED,none
JSDocInfo.java,com.google.javascript.rhino.JSDocInfo,org.pitest.mutationtest.engine.gregor.mutators.RemoveConditionalMutator_EQUAL_IF,containsDeclaration,594,SURVIVED,none
JSDocInfo.java,com.google.javascript.rhino.JSDocInfo,org.pitest.mutationtest.engine.gregor.mutators.RemoveConditionalMutator_EQUAL_IF,containsDeclaration,594,SURVIVED,none
JSDocInfo.java,com.google.javascript.rhino.JSDocInfo,org.pitest.mutationtest.engine.gregor.mutators.RemoveConditionalMutator_EQUAL_IF,containsDeclaration,594,KILLED,RegressionTest4.test2029(RegressionTest4)
JSDocInfo.java,com.google.javascript.rhino.JSDocInfo,org.pitest.mutationtest.engine.gregor.mutators.RemoveConditionalMutator_ORDER_ELSE,containsDeclaration,594,KILLED,RegressionTest4.test2029(RegressionTest4)
JSDocInfo.java,com.google.javascript.rhino.JSDocInfo,org.pitest.mutationtest.engine.gregor.mutators.RemoveConditionalMutator_ORDER_IF,containsDeclaration,594,SURVIVED,none
JSDocInfo.java,com.google.javascript.rhino.JSDocInfo,org.pitest.mutationtest.engine.gregor.mutators.ReturnValsMutator,containsDeclaration,594,KILLED,RegressionTest4.test2029(RegressionTest4)
JSDocInfo.java,com.google.javascript.rhino.JSDocInfo,org.pitest.mutationtest.engine.gregor.mutators.ArgumentPropagationMutator,declareParam,895,NO_COVERAGE,none
JSDocInfo.java,com.google.javascript.rhino.JSDocInfo,org.pitest.mutationtest.engine.gregor.mutators.BooleanFalseReturnValsMutator,declareParam,896,NO_COVERAGE,none
JSDocInfo.java,com.google.javascript.rhino.JSDocInfo,org.pitest.mutationtest.engine.gregor.mutators.BooleanTrueReturnValsMutator,declareParam,898,NO_COVERAGE,none
JSDocInfo.java,com.google.javascript.rhino.JSDocInfo,org.pitest.mutationtest.engine.gregor.mutators.ConstructorCallMutator,declareParam,892,NO_COVERAGE,none
JSDocInfo.java,com.google.javascript.rhino.JSDocInfo,org.pitest.mutationtest.engine.gregor.mutators.InlineConstantMutator,declareParam,896,NO_COVERAGE,none
JSDocInfo.java,com.google.javascript.rhino.JSDocInfo,org.pitest.mutationtest.engine.gregor.mutators.InlineConstantMutator,declareParam,898,NO_COVERAGE,none
JSDocInfo.java,com.google.javascript.rhino.JSDocInfo,org.pitest.mutationtest.engine.gregor.mutators.NegateConditionalsMutator,declareParam,891,NO_COVERAGE,none
JSDocInfo.java,com.google.javascript.rhino.JSDocInfo,org.pitest.mutationtest.engine.gregor.mutators.NegateConditionalsMutator,declareParam,894,NO_COVERAGE,none
JSDocInfo.java,com.google.javascript.rhino.JSDocInfo,org.pitest.mutationtest.engine.gregor.mutators.NonVoidMethodCallMutator,declareParam,894,NO_COVERAGE,none
JSDocInfo.java,com.google.javascript.rhino.JSDocInfo,org.pitest.mutationtest.engine.gregor.mutators.NonVoidMethodCallMutator,declareParam,895,NO_COVERAGE,none
JSDocInfo.java,com.google.javascript.rhino.JSDocInfo,org.pitest.mutationtest.engine.gregor.mutators.RemoveConditionalMutator_EQUAL_ELSE,declareParam,891,NO_COVERAGE,none
JSDocInfo.java,com.google.javascript.rhino.JSDocInfo,org.pitest.mutationtest.engine.gregor.mutators.RemoveConditionalMutator_EQUAL_ELSE,declareParam,894,NO_COVERAGE,none
JSDocInfo.java,com.google.javascript.rhino.JSDocInfo,org.pitest.mutationtest.engine.gregor.mutators.RemoveConditionalMutator_EQUAL_IF,declareParam,891,NO_COVERAGE,none
JSDocInfo.java,com.google.javascript.rhino.JSDocInfo,org.pitest.mutationtest.engine.gregor.mutators.RemoveConditionalMutator_EQUAL_IF,declareParam,894,NO_COVERAGE,none
JSDocInfo.java,com.google.javascript.rhino.JSDocInfo,org.pitest.mutationtest.engine.gregor.mutators.ReturnValsMutator,declareParam,896,NO_COVERAGE,none
JSDocInfo.java,com.google.javascript.rhino.JSDocInfo,org.pitest.mutationtest.engine.gregor.mutators.ReturnValsMutator,declareParam,898,NO_COVERAGE,none
JSDocInfo.java,com.google.javascript.rhino.JSDocInfo,org.pitest.mutationtest.engine.gregor.mutators.VoidMethodCallMutator,declareParam,890,NO_COVERAGE,none
JSDocInfo.java,com.google.javascript.rhino.JSDocInfo,org.pitest.mutationtest.engine.gregor.mutators.experimental.MemberVariableMutator,declareParam,892,NO_COVERAGE,none
JSDocInfo.java,com.google.javascript.rhino.JSDocInfo,org.pitest.mutationtest.engine.gregor.mutators.BooleanFalseReturnValsMutator,declareTemplateTypeNames,916,NO_COVERAGE,none
JSDocInfo.java,com.google.javascript.rhino.JSDocInfo,org.pitest.mutationtest.engine.gregor.mutators.BooleanTrueReturnValsMutator,declareTemplateTypeNames,912,NO_COVERAGE,none
JSDocInfo.java,com.google.javascript.rhino.JSDocInfo,org.pitest.mutationtest.engine.gregor.mutators.InlineConstantMutator,declareTemplateTypeNames,912,NO_COVERAGE,none
JSDocInfo.java,com.google.javascript.rhino.JSDocInfo,org.pitest.mutationtest.engine.gregor.mutators.InlineConstantMutator,declareTemplateTypeNames,916,NO_COVERAGE,none
JSDocInfo.java,com.google.javascript.rhino.JSDocInfo,org.pitest.mutationtest.engine.gregor.mutators.NegateConditionalsMutator,declareTemplateTypeNames,911,NO_COVERAGE,none
JSDocInfo.java,com.google.javascript.rhino.JSDocInfo,org.pitest.mutationtest.engine.gregor.mutators.NonVoidMethodCallMutator,declareTemplateTypeNames,915,NO_COVERAGE,none
JSDocInfo.java,com.google.javascript.rhino.JSDocInfo,org.pitest.mutationtest.engine.gregor.mutators.RemoveConditionalMutator_EQUAL_ELSE,declareTemplateTypeNames,911,NO_COVERAGE,none
JSDocInfo.java,com.google.javascript.rhino.JSDocInfo,org.pitest.mutationtest.engine.gregor.mutators.RemoveConditionalMutator_EQUAL_IF,declareTemplateTypeNames,911,NO_COVERAGE,none
JSDocInfo.java,com.google.javascript.rhino.JSDocInfo,org.pitest.mutationtest.engine.gregor.mutators.ReturnValsMutator,declareTemplateTypeNames,912,NO_COVERAGE,none
JSDocInfo.java,com.google.javascript.rhino.JSDocInfo,org.pitest.mutationtest.engine.gregor.mutators.ReturnValsMutator,declareTemplateTypeNames,916,NO_COVERAGE,none
JSDocInfo.java,com.google.javascript.rhino.JSDocInfo,org.pitest.mutationtest.engine.gregor.mutators.VoidMethodCallMutator,declareTemplateTypeNames,909,NO_COVERAGE,none
JSDocInfo.java,com.google.javascript.rhino.JSDocInfo,org.pitest.mutationtest.engine.gregor.mutators.experimental.MemberVariableMutator,declareTemplateTypeNames,915,NO_COVERAGE,none
JSDocInfo.java,com.google.javascript.rhino.JSDocInfo,org.pitest.mutationtest.engine.gregor.mutators.BooleanFalseReturnValsMutator,declareThrows,932,NO_COVERAGE,none
JSDocInfo.java,com.google.javascript.rhino.JSDocInfo,org.pitest.mutationtest.engine.gregor.mutators.InlineConstantMutator,declareThrows,932,NO_COVERAGE,none
JSDocInfo.java,com.google.javascript.rhino.JSDocInfo,org.pitest.mutationtest.engine.gregor.mutators.NegateConditionalsMutator,declareThrows,927,NO_COVERAGE,none
JSDocInfo.java,com.google.javascript.rhino.JSDocInfo,org.pitest.mutationtest.engine.gregor.mutators.NonVoidMethodCallMutator,declareThrows,928,NO_COVERAGE,none
JSDocInfo.java,com.google.javascript.rhino.JSDocInfo,org.pitest.mutationtest.engine.gregor.mutators.NonVoidMethodCallMutator,declareThrows,931,NO_COVERAGE,none
JSDocInfo.java,com.google.javascript.rhino.JSDocInfo,org.pitest.mutationtest.engine.gregor.mutators.RemoveConditionalMutator_EQUAL_ELSE,declareThrows,927,NO_COVERAGE,none
JSDocInfo.java,com.google.javascript.rhino.JSDocInfo,org.pitest.mutationtest.engine.gregor.mutators.RemoveConditionalMutator_EQUAL_IF,declareThrows,927,NO_COVERAGE,none
JSDocInfo.java,com.google.javascript.rhino.JSDocInfo,org.pitest.mutationtest.engine.gregor.mutators.ReturnValsMutator,declareThrows,932,NO_COVERAGE,none
JSDocInfo.java,com.google.javascript.rhino.JSDocInfo,org.pitest.mutationtest.engine.gregor.mutators.VoidMethodCallMutator,declareThrows,925,NO_COVERAGE,none
JSDocInfo.java,com.google.javascript.rhino.JSDocInfo,org.pitest.mutationtest.engine.gregor.mutators.experimental.MemberVariableMutator,declareThrows,928,NO_COVERAGE,none
JSDocInfo.java,com.google.javascript.rhino.JSDocInfo,org.pitest.mutationtest.engine.gregor.mutators.BooleanFalseReturnValsMutator,documentAuthor,768,NO_COVERAGE,none
JSDocInfo.java,com.google.javascript.rhino.JSDocInfo,org.pitest.mutationtest.engine.gregor.mutators.BooleanFalseReturnValsMutator,documentAuthor,776,NO_COVERAGE,none
JSDocInfo.java,com.google.javascript.rhino.JSDocInfo,org.pitest.mutationtest.engine.gregor.mutators.InlineConstantMutator,documentAuthor,768,NO_COVERAGE,none
JSDocInfo.java,com.google.javascript.rhino.JSDocInfo,org.pitest.mutationtest.engine.gregor.mutators.InlineConstantMutator,documentAuthor,776,NO_COVERAGE,none
JSDocInfo.java,com.google.javascript.rhino.JSDocInfo,org.pitest.mutationtest.engine.gregor.mutators.NegateConditionalsMutator,documentAuthor,767,NO_COVERAGE,none
JSDocInfo.java,com.google.javascript.rhino.JSDocInfo,org.pitest.mutationtest.engine.gregor.mutators.NegateConditionalsMutator,documentAuthor,771,NO_COVERAGE,none
JSDocInfo.java,com.google.javascript.rhino.JSDocInfo,org.pitest.mutationtest.engine.gregor.mutators.NonVoidMethodCallMutator,documentAuthor,767,NO_COVERAGE,none
JSDocInfo.java,com.google.javascript.rhino.JSDocInfo,org.pitest.mutationtest.engine.gregor.mutators.NonVoidMethodCallMutator,documentAuthor,772,NO_COVERAGE,none
JSDocInfo.java,com.google.javascript.rhino.JSDocInfo,org.pitest.mutationtest.engine.gregor.mutators.NonVoidMethodCallMutator,documentAuthor,775,NO_COVERAGE,none
JSDocInfo.java,com.google.javascript.rhino.JSDocInfo,org.pitest.mutationtest.engine.gregor.mutators.RemoveConditionalMutator_EQUAL_ELSE,documentAuthor,767,NO_COVERAGE,none
JSDocInfo.java,com.google.javascript.rhino.JSDocInfo,org.pitest.mutationtest.engine.gregor.mutators.RemoveConditionalMutator_EQUAL_ELSE,documentAuthor,771,NO_COVERAGE,none
JSDocInfo.java,com.google.javascript.rhino.JSDocInfo,org.pitest.mutationtest.engine.gregor.mutators.RemoveConditionalMutator_EQUAL_IF,documentAuthor,767,NO_COVERAGE,none
JSDocInfo.java,com.google.javascript.rhino.JSDocInfo,org.pitest.mutationtest.engine.gregor.mutators.RemoveConditionalMutator_EQUAL_IF,documentAuthor,771,NO_COVERAGE,none
JSDocInfo.java,com.google.javascript.rhino.JSDocInfo,org.pitest.mutationtest.engine.gregor.mutators.ReturnValsMutator,documentAuthor,768,NO_COVERAGE,none
JSDocInfo.java,com.google.javascript.rhino.JSDocInfo,org.pitest.mutationtest.engine.gregor.mutators.ReturnValsMutator,documentAuthor,776,NO_COVERAGE,none
JSDocInfo.java,com.google.javascript.rhino.JSDocInfo,org.pitest.mutationtest.engine.gregor.mutators.experimental.MemberVariableMutator,documentAuthor,772,NO_COVERAGE,none
JSDocInfo.java,com.google.javascript.rhino.JSDocInfo,org.pitest.mutationtest.engine.gregor.mutators.BooleanFalseReturnValsMutator,documentBlock,832,NO_COVERAGE,none
JSDocInfo.java,com.google.javascript.rhino.JSDocInfo,org.pitest.mutationtest.engine.gregor.mutators.BooleanFalseReturnValsMutator,documentBlock,840,NO_COVERAGE,none
JSDocInfo.java,com.google.javascript.rhino.JSDocInfo,org.pitest.mutationtest.engine.gregor.mutators.BooleanTrueReturnValsMutator,documentBlock,836,NO_COVERAGE,none
JSDocInfo.java,com.google.javascript.rhino.JSDocInfo,org.pitest.mutationtest.engine.gregor.mutators.InlineConstantMutator,documentBlock,832,NO_COVERAGE,none
JSDocInfo.java,com.google.javascript.rhino.JSDocInfo,org.pitest.mutationtest.engine.gregor.mutators.InlineConstantMutator,documentBlock,836,NO_COVERAGE,none
JSDocInfo.java,com.google.javascript.rhino.JSDocInfo,org.pitest.mutationtest.engine.gregor.mutators.InlineConstantMutator,documentBlock,840,NO_COVERAGE,none
JSDocInfo.java,com.google.javascript.rhino.JSDocInfo,org.pitest.mutationtest.engine.gregor.mutators.NegateConditionalsMutator,documentBlock,831,NO_COVERAGE,none
JSDocInfo.java,com.google.javascript.rhino.JSDocInfo,org.pitest.mutationtest.engine.gregor.mutators.NegateConditionalsMutator,documentBlock,835,NO_COVERAGE,none
JSDocInfo.java,com.google.javascript.rhino.JSDocInfo,org.pitest.mutationtest.engine.gregor.mutators.NonVoidMethodCallMutator,documentBlock,831,NO_COVERAGE,none
JSDocInfo.java,com.google.javascript.rhino.JSDocInfo,org.pitest.mutationtest.engine.gregor.mutators.RemoveConditionalMutator_EQUAL_ELSE,documentBlock,831,NO_COVERAGE,none
JSDocInfo.java,com.google.javascript.rhino.JSDocInfo,org.pitest.mutationtest.engine.gregor.mutators.RemoveConditionalMutator_EQUAL_ELSE,documentBlock,835,NO_COVERAGE,none
JSDocInfo.java,com.google.javascript.rhino.JSDocInfo,org.pitest.mutationtest.engine.gregor.mutators.RemoveConditionalMutator_EQUAL_IF,documentBlock,831,NO_COVERAGE,none
JSDocInfo.java,com.google.javascript.rhino.JSDocInfo,org.pitest.mutationtest.engine.gregor.mutators.RemoveConditionalMutator_EQUAL_IF,documentBlock,835,NO_COVERAGE,none
JSDocInfo.java,com.google.javascript.rhino.JSDocInfo,org.pitest.mutationtest.engine.gregor.mutators.ReturnValsMutator,documentBlock,832,NO_COVERAGE,none
JSDocInfo.java,com.google.javascript.rhino.JSDocInfo,org.pitest.mutationtest.engine.gregor.mutators.ReturnValsMutator,documentBlock,836,NO_COVERAGE,none
JSDocInfo.java,com.google.javascript.rhino.JSDocInfo,org.pitest.mutationtest.engine.gregor.mutators.ReturnValsMutator,documentBlock,840,NO_COVERAGE,none
JSDocInfo.java,com.google.javascript.rhino.JSDocInfo,org.pitest.mutationtest.engine.gregor.mutators.experimental.MemberVariableMutator,documentBlock,839,NO_COVERAGE,none
JSDocInfo.java,com.google.javascript.rhino.JSDocInfo,org.pitest.mutationtest.engine.gregor.mutators.BooleanFalseReturnValsMutator,documentFileOverview,851,NO_COVERAGE,none
JSDocInfo.java,com.google.javascript.rhino.JSDocInfo,org.pitest.mutationtest.engine.gregor.mutators.BooleanFalseReturnValsMutator,documentFileOverview,859,NO_COVERAGE,none
JSDocInfo.java,com.google.javascript.rhino.JSDocInfo,org.pitest.mutationtest.engine.gregor.mutators.BooleanTrueReturnValsMutator,documentFileOverview,855,NO_COVERAGE,none
JSDocInfo.java,com.google.javascript.rhino.JSDocInfo,org.pitest.mutationtest.engine.gregor.mutators.InlineConstantMutator,documentFileOverview,849,NO_COVERAGE,none
JSDocInfo.java,com.google.javascript.rhino.JSDocInfo,org.pitest.mutationtest.engine.gregor.mutators.InlineConstantMutator,documentFileOverview,849,NO_COVERAGE,none
JSDocInfo.java,com.google.javascript.rhino.JSDocInfo,org.pitest.mutationtest.engine.gregor.mutators.InlineConstantMutator,documentFileOverview,851,NO_COVERAGE,none
JSDocInfo.java,com.google.javascript.rhino.JSDocInfo,org.pitest.mutationtest.engine.gregor.mutators.InlineConstantMutator,documentFileOverview,855,NO_COVERAGE,none
JSDocInfo.java,com.google.javascript.rhino.JSDocInfo,org.pitest.mutationtest.engine.gregor.mutators.InlineConstantMutator,documentFileOverview,859,NO_COVERAGE,none
JSDocInfo.java,com.google.javascript.rhino.JSDocInfo,org.pitest.mutationtest.engine.gregor.mutators.NegateConditionalsMutator,documentFileOverview,850,NO_COVERAGE,none
JSDocInfo.java,com.google.javascript.rhino.JSDocInfo,org.pitest.mutationtest.engine.gregor.mutators.NegateConditionalsMutator,documentFileOverview,854,NO_COVERAGE,none
JSDocInfo.java,com.google.javascript.rhino.JSDocInfo,org.pitest.mutationtest.engine.gregor.mutators.NonVoidMethodCallMutator,documentFileOverview,850,NO_COVERAGE,none
JSDocInfo.java,com.google.javascript.rhino.JSDocInfo,org.pitest.mutationtest.engine.gregor.mutators.RemoveConditionalMutator_EQUAL_ELSE,documentFileOverview,850,NO_COVERAGE,none
JSDocInfo.java,com.google.javascript.rhino.JSDocInfo,org.pitest.mutationtest.engine.gregor.mutators.RemoveConditionalMutator_EQUAL_ELSE,documentFileOverview,854,NO_COVERAGE,none
JSDocInfo.java,com.google.javascript.rhino.JSDocInfo,org.pitest.mutationtest.engine.gregor.mutators.RemoveConditionalMutator_EQUAL_IF,documentFileOverview,850,NO_COVERAGE,none
JSDocInfo.java,com.google.javascript.rhino.JSDocInfo,org.pitest.mutationtest.engine.gregor.mutators.RemoveConditionalMutator_EQUAL_IF,documentFileOverview,854,NO_COVERAGE,none
JSDocInfo.java,com.google.javascript.rhino.JSDocInfo,org.pitest.mutationtest.engine.gregor.mutators.ReturnValsMutator,documentFileOverview,851,NO_COVERAGE,none
JSDocInfo.java,com.google.javascript.rhino.JSDocInfo,org.pitest.mutationtest.engine.gregor.mutators.ReturnValsMutator,documentFileOverview,855,NO_COVERAGE,none
JSDocInfo.java,com.google.javascript.rhino.JSDocInfo,org.pitest.mutationtest.engine.gregor.mutators.ReturnValsMutator,documentFileOverview,859,NO_COVERAGE,none
JSDocInfo.java,com.google.javascript.rhino.JSDocInfo,org.pitest.mutationtest.engine.gregor.mutators.VoidMethodCallMutator,documentFileOverview,849,NO_COVERAGE,none
JSDocInfo.java,com.google.javascript.rhino.JSDocInfo,org.pitest.mutationtest.engine.gregor.mutators.experimental.MemberVariableMutator,documentFileOverview,858,NO_COVERAGE,none
JSDocInfo.java,com.google.javascript.rhino.JSDocInfo,org.pitest.mutationtest.engine.gregor.mutators.ArgumentPropagationMutator,documentParam,818,NO_COVERAGE,none
JSDocInfo.java,com.google.javascript.rhino.JSDocInfo,org.pitest.mutationtest.engine.gregor.mutators.BooleanFalseReturnValsMutator,documentParam,810,NO_COVERAGE,none
JSDocInfo.java,com.google.javascript.rhino.JSDocInfo,org.pitest.mutationtest.engine.gregor.mutators.BooleanFalseReturnValsMutator,documentParam,819,NO_COVERAGE,none
JSDocInfo.java,com.google.javascript.rhino.JSDocInfo,org.pitest.mutationtest.engine.gregor.mutators.BooleanTrueReturnValsMutator,documentParam,821,NO_COVERAGE,none
JSDocInfo.java,com.google.javascript.rhino.JSDocInfo,org.pitest.mutationtest.engine.gregor.mutators.ConstructorCallMutator,documentParam,814,NO_COVERAGE,none
JSDocInfo.java,com.google.javascript.rhino.JSDocInfo,org.pitest.mutationtest.engine.gregor.mutators.InlineConstantMutator,documentParam,810,NO_COVERAGE,none
JSDocInfo.java,com.google.javascript.rhino.JSDocInfo,org.pitest.mutationtest.engine.gregor.mutators.InlineConstantMutator,documentParam,819,NO_COVERAGE,none
JSDocInfo.java,com.google.javascript.rhino.JSDocInfo,org.pitest.mutationtest.engine.gregor.mutators.InlineConstantMutator,documentParam,821,NO_COVERAGE,none
JSDocInfo.java,com.google.javascript.rhino.JSDocInfo,org.pitest.mutationtest.engine.gregor.mutators.NegateConditionalsMutator,documentParam,809,NO_COVERAGE,none
JSDocInfo.java,com.google.javascript.rhino.JSDocInfo,org.pitest.mutationtest.engine.gregor.mutators.NegateConditionalsMutator,documentParam,813,NO_COVERAGE,none
JSDocInfo.java,com.google.javascript.rhino.JSDocInfo,org.pitest.mutationtest.engine.gregor.mutators.NegateConditionalsMutator,documentParam,817,NO_COVERAGE,none
JSDocInfo.java,com.google.javascript.rhino.JSDocInfo,org.pitest.mutationtest.engine.gregor.mutators.NonVoidMethodCallMutator,documentParam,809,NO_COVERAGE,none
JSDocInfo.java,com.google.javascript.rhino.JSDocInfo,org.pitest.mutationtest.engine.gregor.mutators.NonVoidMethodCallMutator,documentParam,817,NO_COVERAGE,none
JSDocInfo.java,com.google.javascript.rhino.JSDocInfo,org.pitest.mutationtest.engine.gregor.mutators.NonVoidMethodCallMutator,documentParam,818,NO_COVERAGE,none
JSDocInfo.java,com.google.javascript.rhino.JSDocInfo,org.pitest.mutationtest.engine.gregor.mutators.RemoveConditionalMutator_EQUAL_ELSE,documentParam,809,NO_COVERAGE,none
JSDocInfo.java,com.google.javascript.rhino.JSDocInfo,org.pitest.mutationtest.engine.gregor.mutators.RemoveConditionalMutator_EQUAL_ELSE,documentParam,813,NO_COVERAGE,none
JSDocInfo.java,com.google.javascript.rhino.JSDocInfo,org.pitest.mutationtest.engine.gregor.mutators.RemoveConditionalMutator_EQUAL_ELSE,documentParam,817,NO_COVERAGE,none
JSDocInfo.java,com.google.javascript.rhino.JSDocInfo,org.pitest.mutationtest.engine.gregor.mutators.RemoveConditionalMutator_EQUAL_IF,documentParam,809,NO_COVERAGE,none
JSDocInfo.java,com.google.javascript.rhino.JSDocInfo,org.pitest.mutationtest.engine.gregor.mutators.RemoveConditionalMutator_EQUAL_IF,documentParam,813,NO_COVERAGE,none
JSDocInfo.java,com.google.javascript.rhino.JSDocInfo,org.pitest.mutationtest.engine.gregor.mutators.RemoveConditionalMutator_EQUAL_IF,documentParam,817,NO_COVERAGE,none
JSDocInfo.java,com.google.javascript.rhino.JSDocInfo,org.pitest.mutationtest.engine.gregor.mutators.ReturnValsMutator,documentParam,810,NO_COVERAGE,none
JSDocInfo.java,com.google.javascript.rhino.JSDocInfo,org.pitest.mutationtest.engine.gregor.mutators.ReturnValsMutator,documentParam,819,NO_COVERAGE,none
JSDocInfo.java,com.google.javascript.rhino.JSDocInfo,org.pitest.mutationtest.engine.gregor.mutators.ReturnValsMutator,documentParam,821,NO_COVERAGE,none
JSDocInfo.java,com.google.javascript.rhino.JSDocInfo,org.pitest.mutationtest.engine.gregor.mutators.experimental.MemberVariableMutator,documentParam,814,NO_COVERAGE,none
JSDocInfo.java,com.google.javascript.rhino.JSDocInfo,org.pitest.mutationtest.engine.gregor.mutators.BooleanFalseReturnValsMutator,documentReference,752,NO_COVERAGE,none
JSDocInfo.java,com.google.javascript.rhino.JSDocInfo,org.pitest.mutationtest.engine.gregor.mutators.BooleanFalseReturnValsMutator,documentReference,760,NO_COVERAGE,none
JSDocInfo.java,com.google.javascript.rhino.JSDocInfo,org.pitest.mutationtest.engine.gregor.mutators.InlineConstantMutator,documentReference,752,NO_COVERAGE,none
JSDocInfo.java,com.google.javascript.rhino.JSDocInfo,org.pitest.mutationtest.engine.gregor.mutators.InlineConstantMutator,documentReference,760,NO_COVERAGE,none
JSDocInfo.java,com.google.javascript.rhino.JSDocInfo,org.pitest.mutationtest.engine.gregor.mutators.NegateConditionalsMutator,documentReference,751,NO_COVERAGE,none
JSDocInfo.java,com.google.javascript.rhino.JSDocInfo,org.pitest.mutationtest.engine.gregor.mutators.NegateConditionalsMutator,documentReference,755,NO_COVERAGE,none
JSDocInfo.java,com.google.javascript.rhino.JSDocInfo,org.pitest.mutationtest.engine.gregor.mutators.NonVoidMethodCallMutator,documentReference,751,NO_COVERAGE,none
JSDocInfo.java,com.google.javascript.rhino.JSDocInfo,org.pitest.mutationtest.engine.gregor.mutators.NonVoidMethodCallMutator,documentReference,756,NO_COVERAGE,none
JSDocInfo.java,com.google.javascript.rhino.JSDocInfo,org.pitest.mutationtest.engine.gregor.mutators.NonVoidMethodCallMutator,documentReference,759,NO_COVERAGE,none
JSDocInfo.java,com.google.javascript.rhino.JSDocInfo,org.pitest.mutationtest.engine.gregor.mutators.RemoveConditionalMutator_EQUAL_ELSE,documentReference,751,NO_COVERAGE,none
JSDocInfo.java,com.google.javascript.rhino.JSDocInfo,org.pitest.mutationtest.engine.gregor.mutators.RemoveConditionalMutator_EQUAL_ELSE,documentReference,755,NO_COVERAGE,none
JSDocInfo.java,com.google.javascript.rhino.JSDocInfo,org.pitest.mutationtest.engine.gregor.mutators.RemoveConditionalMutator_EQUAL_IF,documentReference,751,NO_COVERAGE,none
JSDocInfo.java,com.google.javascript.rhino.JSDocInfo,org.pitest.mutationtest.engine.gregor.mutators.RemoveConditionalMutator_EQUAL_IF,documentReference,755,NO_COVERAGE,none
JSDocInfo.java,com.google.javascript.rhino.JSDocInfo,org.pitest.mutationtest.engine.gregor.mutators.ReturnValsMutator,documentReference,752,NO_COVERAGE,none
JSDocInfo.java,com.google.javascript.rhino.JSDocInfo,org.pitest.mutationtest.engine.gregor.mutators.ReturnValsMutator,documentReference,760,NO_COVERAGE,none
JSDocInfo.java,com.google.javascript.rhino.JSDocInfo,org.pitest.mutationtest.engine.gregor.mutators.experimental.MemberVariableMutator,documentReference,756,NO_COVERAGE,none
JSDocInfo.java,com.google.javascript.rhino.JSDocInfo,org.pitest.mutationtest.engine.gregor.mutators.BooleanFalseReturnValsMutator,documentReturn,870,NO_COVERAGE,none
JSDocInfo.java,com.google.javascript.rhino.JSDocInfo,org.pitest.mutationtest.engine.gregor.mutators.BooleanFalseReturnValsMutator,documentReturn,878,NO_COVERAGE,none
JSDocInfo.java,com.google.javascript.rhino.JSDocInfo,org.pitest.mutationtest.engine.gregor.mutators.BooleanTrueReturnValsMutator,documentReturn,874,NO_COVERAGE,none
JSDocInfo.java,com.google.javascript.rhino.JSDocInfo,org.pitest.mutationtest.engine.gregor.mutators.InlineConstantMutator,documentReturn,870,NO_COVERAGE,none
JSDocInfo.java,com.google.javascript.rhino.JSDocInfo,org.pitest.mutationtest.engine.gregor.mutators.InlineConstantMutator,documentReturn,874,NO_COVERAGE,none
JSDocInfo.java,com.google.javascript.rhino.JSDocInfo,org.pitest.mutationtest.engine.gregor.mutators.InlineConstantMutator,documentReturn,878,NO_COVERAGE,none
JSDocInfo.java,com.google.javascript.rhino.JSDocInfo,org.pitest.mutationtest.engine.gregor.mutators.NegateConditionalsMutator,documentReturn,869,NO_COVERAGE,none
JSDocInfo.java,com.google.javascript.rhino.JSDocInfo,org.pitest.mutationtest.engine.gregor.mutators.NegateConditionalsMutator,documentReturn,873,NO_COVERAGE,none
JSDocInfo.java,com.google.javascript.rhino.JSDocInfo,org.pitest.mutationtest.engine.gregor.mutators.NonVoidMethodCallMutator,documentReturn,869,NO_COVERAGE,none
JSDocInfo.java,com.google.javascript.rhino.JSDocInfo,org.pitest.mutationtest.engine.gregor.mutators.RemoveConditionalMutator_EQUAL_ELSE,documentReturn,869,NO_COVERAGE,none
JSDocInfo.java,com.google.javascript.rhino.JSDocInfo,org.pitest.mutationtest.engine.gregor.mutators.RemoveConditionalMutator_EQUAL_ELSE,documentReturn,873,NO_COVERAGE,none
JSDocInfo.java,com.google.javascript.rhino.JSDocInfo,org.pitest.mutationtest.engine.gregor.mutators.RemoveConditionalMutator_EQUAL_IF,documentReturn,869,NO_COVERAGE,none
JSDocInfo.java,com.google.javascript.rhino.JSDocInfo,org.pitest.mutationtest.engine.gregor.mutators.RemoveConditionalMutator_EQUAL_IF,documentReturn,873,NO_COVERAGE,none
JSDocInfo.java,com.google.javascript.rhino.JSDocInfo,org.pitest.mutationtest.engine.gregor.mutators.ReturnValsMutator,documentReturn,870,NO_COVERAGE,none
JSDocInfo.java,com.google.javascript.rhino.JSDocInfo,org.pitest.mutationtest.engine.gregor.mutators.ReturnValsMutator,documentReturn,874,NO_COVERAGE,none
JSDocInfo.java,com.google.javascript.rhino.JSDocInfo,org.pitest.mutationtest.engine.gregor.mutators.ReturnValsMutator,documentReturn,878,NO_COVERAGE,none
JSDocInfo.java,com.google.javascript.rhino.JSDocInfo,org.pitest.mutationtest.engine.gregor.mutators.experimental.MemberVariableMutator,documentReturn,877,NO_COVERAGE,none
JSDocInfo.java,com.google.javascript.rhino.JSDocInfo,org.pitest.mutationtest.engine.gregor.mutators.ArgumentPropagationMutator,documentThrows,793,NO_COVERAGE,none
JSDocInfo.java,com.google.javascript.rhino.JSDocInfo,org.pitest.mutationtest.engine.gregor.mutators.BooleanFalseReturnValsMutator,documentThrows,784,NO_COVERAGE,none
JSDocInfo.java,com.google.javascript.rhino.JSDocInfo,org.pitest.mutationtest.engine.gregor.mutators.BooleanFalseReturnValsMutator,documentThrows,794,NO_COVERAGE,none
JSDocInfo.java,com.google.javascript.rhino.JSDocInfo,org.pitest.mutationtest.engine.gregor.mutators.BooleanTrueReturnValsMutator,documentThrows,797,NO_COVERAGE,none
JSDocInfo.java,com.google.javascript.rhino.JSDocInfo,org.pitest.mutationtest.engine.gregor.mutators.ConstructorCallMutator,documentThrows,788,NO_COVERAGE,none
JSDocInfo.java,com.google.javascript.rhino.JSDocInfo,org.pitest.mutationtest.engine.gregor.mutators.InlineConstantMutator,documentThrows,784,NO_COVERAGE,none
JSDocInfo.java,com.google.javascript.rhino.JSDocInfo,org.pitest.mutationtest.engine.gregor.mutators.InlineConstantMutator,documentThrows,794,NO_COVERAGE,none
JSDocInfo.java,com.google.javascript.rhino.JSDocInfo,org.pitest.mutationtest.engine.gregor.mutators.InlineConstantMutator,documentThrows,797,NO_COVERAGE,none
JSDocInfo.java,com.google.javascript.rhino.JSDocInfo,org.pitest.mutationtest.engine.gregor.mutators.NegateConditionalsMutator,documentThrows,783,NO_COVERAGE,none
JSDocInfo.java,com.google.javascript.rhino.JSDocInfo,org.pitest.mutationtest.engine.gregor.mutators.NegateConditionalsMutator,documentThrows,787,NO_COVERAGE,none
JSDocInfo.java,com.google.javascript.rhino.JSDocInfo,org.pitest.mutationtest.engine.gregor.mutators.NegateConditionalsMutator,documentThrows,792,NO_COVERAGE,none
JSDocInfo.java,com.google.javascript.rhino.JSDocInfo,org.pitest.mutationtest.engine.gregor.mutators.NonVoidMethodCallMutator,documentThrows,783,NO_COVERAGE,none
JSDocInfo.java,com.google.javascript.rhino.JSDocInfo,org.pitest.mutationtest.engine.gregor.mutators.NonVoidMethodCallMutator,documentThrows,792,NO_COVERAGE,none
JSDocInfo.java,com.google.javascript.rhino.JSDocInfo,org.pitest.mutationtest.engine.gregor.mutators.NonVoidMethodCallMutator,documentThrows,793,NO_COVERAGE,none
JSDocInfo.java,com.google.javascript.rhino.JSDocInfo,org.pitest.mutationtest.engine.gregor.mutators.RemoveConditionalMutator_EQUAL_ELSE,documentThrows,783,NO_COVERAGE,none
JSDocInfo.java,com.google.javascript.rhino.JSDocInfo,org.pitest.mutationtest.engine.gregor.mutators.RemoveConditionalMutator_EQUAL_ELSE,documentThrows,787,NO_COVERAGE,none
JSDocInfo.java,com.google.javascript.rhino.JSDocInfo,org.pitest.mutationtest.engine.gregor.mutators.RemoveConditionalMutator_EQUAL_ELSE,documentThrows,792,NO_COVERAGE,none
JSDocInfo.java,com.google.javascript.rhino.JSDocInfo,org.pitest.mutationtest.engine.gregor.mutators.RemoveConditionalMutator_EQUAL_IF,documentThrows,783,NO_COVERAGE,none
JSDocInfo.java,com.google.javascript.rhino.JSDocInfo,org.pitest.mutationtest.engine.gregor.mutators.RemoveConditionalMutator_EQUAL_IF,documentThrows,787,NO_COVERAGE,none
JSDocInfo.java,com.google.javascript.rhino.JSDocInfo,org.pitest.mutationtest.engine.gregor.mutators.RemoveConditionalMutator_EQUAL_IF,documentThrows,792,NO_COVERAGE,none
JSDocInfo.java,com.google.javascript.rhino.JSDocInfo,org.pitest.mutationtest.engine.gregor.mutators.ReturnValsMutator,documentThrows,784,NO_COVERAGE,none
JSDocInfo.java,com.google.javascript.rhino.JSDocInfo,org.pitest.mutationtest.engine.gregor.mutators.ReturnValsMutator,documentThrows,794,NO_COVERAGE,none
JSDocInfo.java,com.google.javascript.rhino.JSDocInfo,org.pitest.mutationtest.engine.gregor.mutators.ReturnValsMutator,documentThrows,797,NO_COVERAGE,none
JSDocInfo.java,com.google.javascript.rhino.JSDocInfo,org.pitest.mutationtest.engine.gregor.mutators.experimental.MemberVariableMutator,documentThrows,788,NO_COVERAGE,none
JSDocInfo.java,com.google.javascript.rhino.JSDocInfo,org.pitest.mutationtest.engine.gregor.mutators.BooleanFalseReturnValsMutator,documentVersion,736,NO_COVERAGE,none
JSDocInfo.java,com.google.javascript.rhino.JSDocInfo,org.pitest.mutationtest.engine.gregor.mutators.BooleanFalseReturnValsMutator,documentVersion,744,NO_COVERAGE,none
JSDocInfo.java,com.google.javascript.rhino.JSDocInfo,org.pitest.mutationtest.engine.gregor.mutators.BooleanTrueReturnValsMutator,documentVersion,740,NO_COVERAGE,none
JSDocInfo.java,com.google.javascript.rhino.JSDocInfo,org.pitest.mutationtest.engine.gregor.mutators.InlineConstantMutator,documentVersion,736,NO_COVERAGE,none
JSDocInfo.java,com.google.javascript.rhino.JSDocInfo,org.pitest.mutationtest.engine.gregor.mutators.InlineConstantMutator,documentVersion,740,NO_COVERAGE,none
JSDocInfo.java,com.google.javascript.rhino.JSDocInfo,org.pitest.mutationtest.engine.gregor.mutators.InlineConstantMutator,documentVersion,744,NO_COVERAGE,none
JSDocInfo.java,com.google.javascript.rhino.JSDocInfo,org.pitest.mutationtest.engine.gregor.mutators.NegateConditionalsMutator,documentVersion,735,NO_COVERAGE,none
JSDocInfo.java,com.google.javascript.rhino.JSDocInfo,org.pitest.mutationtest.engine.gregor.mutators.NegateConditionalsMutator,documentVersion,739,NO_COVERAGE,none
JSDocInfo.java,com.google.javascript.rhino.JSDocInfo,org.pitest.mutationtest.engine.gregor.mutators.NonVoidMethodCallMutator,documentVersion,735,NO_COVERAGE,none
JSDocInfo.java,com.google.javascript.rhino.JSDocInfo,org.pitest.mutationtest.engine.gregor.mutators.RemoveConditionalMutator_EQUAL_ELSE,documentVersion,735,NO_COVERAGE,none
JSDocInfo.java,com.google.javascript.rhino.JSDocInfo,org.pitest.mutationtest.engine.gregor.mutators.RemoveConditionalMutator_EQUAL_ELSE,documentVersion,739,NO_COVERAGE,none
JSDocInfo.java,com.google.javascript.rhino.JSDocInfo,org.pitest.mutationtest.engine.gregor.mutators.RemoveConditionalMutator_EQUAL_IF,documentVersion,735,NO_COVERAGE,none
JSDocInfo.java,com.google.javascript.rhino.JSDocInfo,org.pitest.mutationtest.engine.gregor.mutators.RemoveConditionalMutator_EQUAL_IF,documentVersion,739,NO_COVERAGE,none
JSDocInfo.java,com.google.javascript.rhino.JSDocInfo,org.pitest.mutationtest.engine.gregor.mutators.ReturnValsMutator,documentVersion,736,NO_COVERAGE,none
JSDocInfo.java,com.google.javascript.rhino.JSDocInfo,org.pitest.mutationtest.engine.gregor.mutators.ReturnValsMutator,documentVersion,740,NO_COVERAGE,none
JSDocInfo.java,com.google.javascript.rhino.JSDocInfo,org.pitest.mutationtest.engine.gregor.mutators.ReturnValsMutator,documentVersion,744,NO_COVERAGE,none
JSDocInfo.java,com.google.javascript.rhino.JSDocInfo,org.pitest.mutationtest.engine.gregor.mutators.experimental.MemberVariableMutator,documentVersion,743,NO_COVERAGE,none
JSDocInfo.java,com.google.javascript.rhino.JSDocInfo,org.pitest.mutationtest.engine.gregor.mutators.NullReturnValsMutator,getAssociatedNode,1401,SURVIVED,none
JSDocInfo.java,com.google.javascript.rhino.JSDocInfo,org.pitest.mutationtest.engine.gregor.mutators.ReturnValsMutator,getAssociatedNode,1401,KILLED,RegressionTest4.test2008(RegressionTest4)
JSDocInfo.java,com.google.javascript.rhino.JSDocInfo,org.pitest.mutationtest.engine.gregor.mutators.EmptyObjectReturnValsMutator,getAuthors,1355,KILLED,RegressionTest3.test1621(RegressionTest3)
JSDocInfo.java,com.google.javascript.rhino.JSDocInfo,org.pitest.mutationtest.engine.gregor.mutators.NegateConditionalsMutator,getAuthors,1355,KILLED,RegressionTest3.test1621(RegressionTest3)
JSDocInfo.java,com.google.javascript.rhino.JSDocInfo,org.pitest.mutationtest.engine.gregor.mutators.RemoveConditionalMutator_EQUAL_ELSE,getAuthors,1355,KILLED,RegressionTest3.test1621(RegressionTest3)
JSDocInfo.java,com.google.javascript.rhino.JSDocInfo,org.pitest.mutationtest.engine.gregor.mutators.RemoveConditionalMutator_EQUAL_IF,getAuthors,1355,SURVIVED,none
JSDocInfo.java,com.google.javascript.rhino.JSDocInfo,org.pitest.mutationtest.engine.gregor.mutators.ReturnValsMutator,getAuthors,1355,KILLED,RegressionTest3.test1621(RegressionTest3)
JSDocInfo.java,com.google.javascript.rhino.JSDocInfo,org.pitest.mutationtest.engine.gregor.mutators.NegateConditionalsMutator,getBaseType,1140,KILLED,RegressionTest4.test2006(RegressionTest4)
JSDocInfo.java,com.google.javascript.rhino.JSDocInfo,org.pitest.mutationtest.engine.gregor.mutators.NullReturnValsMutator,getBaseType,1140,SURVIVED,none
JSDocInfo.java,com.google.javascript.rhino.JSDocInfo,org.pitest.mutationtest.engine.gregor.mutators.RemoveConditionalMutator_EQUAL_ELSE,getBaseType,1140,KILLED,RegressionTest4.test2006(RegressionTest4)
JSDocInfo.java,com.google.javascript.rhino.JSDocInfo,org.pitest.mutationtest.engine.gregor.mutators.RemoveConditionalMutator_EQUAL_IF,getBaseType,1140,SURVIVED,none
JSDocInfo.java,com.google.javascript.rhino.JSDocInfo,org.pitest.mutationtest.engine.gregor.mutators.ReturnValsMutator,getBaseType,1140,KILLED,RegressionTest4.test2006(RegressionTest4)
JSDocInfo.java,com.google.javascript.rhino.JSDocInfo,org.pitest.mutationtest.engine.gregor.mutators.EmptyObjectReturnValsMutator,getBlockDescription,1383,KILLED,RegressionTest4.test2019(RegressionTest4)
JSDocInfo.java,com.google.javascript.rhino.JSDocInfo,org.pitest.mutationtest.engine.gregor.mutators.NegateConditionalsMutator,getBlockDescription,1383,KILLED,RegressionTest4.test2019(RegressionTest4)
JSDocInfo.java,com.google.javascript.rhino.JSDocInfo,org.pitest.mutationtest.engine.gregor.mutators.RemoveConditionalMutator_EQUAL_ELSE,getBlockDescription,1383,KILLED,RegressionTest4.test2019(RegressionTest4)
JSDocInfo.java,com.google.javascript.rhino.JSDocInfo,org.pitest.mutationtest.engine.gregor.mutators.RemoveConditionalMutator_EQUAL_IF,getBlockDescription,1383,SURVIVED,none
JSDocInfo.java,com.google.javascript.rhino.JSDocInfo,org.pitest.mutationtest.engine.gregor.mutators.ReturnValsMutator,getBlockDescription,1383,KILLED,RegressionTest4.test2019(RegressionTest4)
JSDocInfo.java,com.google.javascript.rhino.JSDocInfo,org.pitest.mutationtest.engine.gregor.mutators.EmptyObjectReturnValsMutator,getDeprecationReason,1308,KILLED,RegressionTest4.test2064(RegressionTest4)
JSDocInfo.java,com.google.javascript.rhino.JSDocInfo,org.pitest.mutationtest.engine.gregor.mutators.NegateConditionalsMutator,getDeprecationReason,1308,KILLED,RegressionTest4.test2064(RegressionTest4)
JSDocInfo.java,com.google.javascript.rhino.JSDocInfo,org.pitest.mutationtest.engine.gregor.mutators.RemoveConditionalMutator_EQUAL_ELSE,getDeprecationReason,1308,KILLED,RegressionTest4.test2064(RegressionTest4)
JSDocInfo.java,com.google.javascript.rhino.JSDocInfo,org.pitest.mutationtest.engine.gregor.mutators.RemoveConditionalMutator_EQUAL_IF,getDeprecationReason,1308,SURVIVED,none
JSDocInfo.java,com.google.javascript.rhino.JSDocInfo,org.pitest.mutationtest.engine.gregor.mutators.ReturnValsMutator,getDeprecationReason,1308,KILLED,RegressionTest4.test2064(RegressionTest4)
JSDocInfo.java,com.google.javascript.rhino.JSDocInfo,org.pitest.mutationtest.engine.gregor.mutators.EmptyObjectReturnValsMutator,getDescription,1147,KILLED,RegressionTest4.test2006(RegressionTest4)
JSDocInfo.java,com.google.javascript.rhino.JSDocInfo,org.pitest.mutationtest.engine.gregor.mutators.NegateConditionalsMutator,getDescription,1147,KILLED,RegressionTest4.test2006(RegressionTest4)
JSDocInfo.java,com.google.javascript.rhino.JSDocInfo,org.pitest.mutationtest.engine.gregor.mutators.RemoveConditionalMutator_EQUAL_ELSE,getDescription,1147,KILLED,RegressionTest4.test2006(RegressionTest4)
JSDocInfo.java,com.google.javascript.rhino.JSDocInfo,org.pitest.mutationtest.engine.gregor.mutators.RemoveConditionalMutator_EQUAL_IF,getDescription,1147,SURVIVED,none
JSDocInfo.java,com.google.javascript.rhino.JSDocInfo,org.pitest.mutationtest.engine.gregor.mutators.ReturnValsMutator,getDescription,1147,KILLED,RegressionTest4.test2006(RegressionTest4)
JSDocInfo.java,com.google.javascript.rhino.JSDocInfo,org.pitest.mutationtest.engine.gregor.mutators.ArgumentPropagationMutator,getDescriptionForParameter,1348,NO_COVERAGE,none
JSDocInfo.java,com.google.javascript.rhino.JSDocInfo,org.pitest.mutationtest.engine.gregor.mutators.EmptyObjectReturnValsMutator,getDescriptionForParameter,1345,KILLED,RegressionTest4.test2039(RegressionTest4)
JSDocInfo.java,com.google.javascript.rhino.JSDocInfo,org.pitest.mutationtest.engine.gregor.mutators.EmptyObjectReturnValsMutator,getDescriptionForParameter,1348,NO_COVERAGE,none
JSDocInfo.java,com.google.javascript.rhino.JSDocInfo,org.pitest.mutationtest.engine.gregor.mutators.NegateConditionalsMutator,getDescriptionForParameter,1344,KILLED,RegressionTest4.test2039(RegressionTest4)
JSDocInfo.java,com.google.javascript.rhino.JSDocInfo,org.pitest.mutationtest.engine.gregor.mutators.NegateConditionalsMutator,getDescriptionForParameter,1344,SURVIVED,none
JSDocInfo.java,com.google.javascript.rhino.JSDocInfo,org.pitest.mutationtest.engine.gregor.mutators.NonVoidMethodCallMutator,getDescriptionForParameter,1348,NO_COVERAGE,none
JSDocInfo.java,com.google.javascript.rhino.JSDocInfo,org.pitest.mutationtest.engine.gregor.mutators.RemoveConditionalMutator_EQUAL_ELSE,getDescriptionForParameter,1344,SURVIVED,none
JSDocInfo.java,com.google.javascript.rhino.JSDocInfo,org.pitest.mutationtest.engine.gregor.mutators.RemoveConditionalMutator_EQUAL_ELSE,getDescriptionForParameter,1344,SURVIVED,none
JSDocInfo.java,com.google.javascript.rhino.JSDocInfo,org.pitest.mutationtest.engine.gregor.mutators.RemoveConditionalMutator_EQUAL_IF,getDescriptionForParameter,1344,KILLED,RegressionTest4.test2039(RegressionTest4)
JSDocInfo.java,com.google.javascript.rhino.JSDocInfo,org.pitest.mutationtest.engine.gregor.mutators.RemoveConditionalMutator_EQUAL_IF,getDescriptionForParameter,1344,SURVIVED,none
JSDocInfo.java,com.google.javascript.rhino.JSDocInfo,org.pitest.mutationtest.engine.gregor.mutators.ReturnValsMutator,getDescriptionForParameter,1345,KILLED,RegressionTest4.test2039(RegressionTest4)
JSDocInfo.java,com.google.javascript.rhino.JSDocInfo,org.pitest.mutationtest.engine.gregor.mutators.ReturnValsMutator,getDescriptionForParameter,1348,NO_COVERAGE,none
JSDocInfo.java,com.google.javascript.rhino.JSDocInfo,org.pitest.mutationtest.engine.gregor.mutators.InlineConstantMutator,getEnumParameterType,1091,SURVIVED,none
JSDocInfo.java,com.google.javascript.rhino.JSDocInfo,org.pitest.mutationtest.engine.gregor.mutators.NonVoidMethodCallMutator,getEnumParameterType,1091,SURVIVED,none
JSDocInfo.java,com.google.javascript.rhino.JSDocInfo,org.pitest.mutationtest.engine.gregor.mutators.NullReturnValsMutator,getEnumParameterType,1091,SURVIVED,none
JSDocInfo.java,com.google.javascript.rhino.JSDocInfo,org.pitest.mutationtest.engine.gregor.mutators.ReturnValsMutator,getEnumParameterType,1091,KILLED,RegressionTest4.test2037(RegressionTest4)
JSDocInfo.java,com.google.javascript.rhino.JSDocInfo,org.pitest.mutationtest.engine.gregor.mutators.ArgumentPropagationMutator,getExtendedInterfaces,1291,NO_COVERAGE,none
JSDocInfo.java,com.google.javascript.rhino.JSDocInfo,org.pitest.mutationtest.engine.gregor.mutators.EmptyObjectReturnValsMutator,getExtendedInterfaces,1289,SURVIVED,none
JSDocInfo.java,com.google.javascript.rhino.JSDocInfo,org.pitest.mutationtest.engine.gregor.mutators.EmptyObjectReturnValsMutator,getExtendedInterfaces,1291,NO_COVERAGE,none
JSDocInfo.java,com.google.javascript.rhino.JSDocInfo,org.pitest.mutationtest.engine.gregor.mutators.NegateConditionalsMutator,getExtendedInterfaces,1288,KILLED,RegressionTest4.test2039(RegressionTest4)
JSDocInfo.java,com.google.javascript.rhino.JSDocInfo,org.pitest.mutationtest.engine.gregor.mutators.NegateConditionalsMutator,getExtendedInterfaces,1288,KILLED,RegressionTest1.test0626(RegressionTest1)
JSDocInfo.java,com.google.javascript.rhino.JSDocInfo,org.pitest.mutationtest.engine.gregor.mutators.NonVoidMethodCallMutator,getExtendedInterfaces,1289,KILLED,RegressionTest4.test2039(RegressionTest4)
JSDocInfo.java,com.google.javascript.rhino.JSDocInfo,org.pitest.mutationtest.engine.gregor.mutators.NonVoidMethodCallMutator,getExtendedInterfaces,1291,NO_COVERAGE,none
JSDocInfo.java,com.google.javascript.rhino.JSDocInfo,org.pitest.mutationtest.engine.gregor.mutators.RemoveConditionalMutator_EQUAL_ELSE,getExtendedInterfaces,1288,SURVIVED,none
JSDocInfo.java,com.google.javascript.rhino.JSDocInfo,org.pitest.mutationtest.engine.gregor.mutators.RemoveConditionalMutator_EQUAL_ELSE,getExtendedInterfaces,1288,KILLED,RegressionTest1.test0626(RegressionTest1)
JSDocInfo.java,com.google.javascript.rhino.JSDocInfo,org.pitest.mutationtest.engine.gregor.mutators.RemoveConditionalMutator_EQUAL_IF,getExtendedInterfaces,1288,KILLED,RegressionTest4.test2039(RegressionTest4)
JSDocInfo.java,com.google.javascript.rhino.JSDocInfo,org.pitest.mutationtest.engine.gregor.mutators.RemoveConditionalMutator_EQUAL_IF,getExtendedInterfaces,1288,SURVIVED,none
JSDocInfo.java,com.google.javascript.rhino.JSDocInfo,org.pitest.mutationtest.engine.gregor.mutators.ReturnValsMutator,getExtendedInterfaces,1289,KILLED,RegressionTest4.test2039(RegressionTest4)
JSDocInfo.java,com.google.javascript.rhino.JSDocInfo,org.pitest.mutationtest.engine.gregor.mutators.ReturnValsMutator,getExtendedInterfaces,1291,NO_COVERAGE,none
JSDocInfo.java,com.google.javascript.rhino.JSDocInfo,org.pitest.mutationtest.engine.gregor.mutators.InlineConstantMutator,getExtendedInterfacesCount,1299,KILLED,RegressionTest4.test2037(RegressionTest4)
JSDocInfo.java,com.google.javascript.rhino.JSDocInfo,org.pitest.mutationtest.engine.gregor.mutators.NegateConditionalsMutator,getExtendedInterfacesCount,1298,KILLED,RegressionTest4.test2037(RegressionTest4)
JSDocInfo.java,com.google.javascript.rhino.JSDocInfo,org.pitest.mutationtest.engine.gregor.mutators.NegateConditionalsMutator,getExtendedInterfacesCount,1298,KILLED,RegressionTest1.test0570(RegressionTest1)
JSDocInfo.java,com.google.javascript.rhino.JSDocInfo,org.pitest.mutationtest.engine.gregor.mutators.NonVoidMethodCallMutator,getExtendedInterfacesCount,1301,NO_COVERAGE,none
JSDocInfo.java,com.google.javascript.rhino.JSDocInfo,org.pitest.mutationtest.engine.gregor.mutators.PrimitiveReturnsMutator,getExtendedInterfacesCount,1301,NO_COVERAGE,none
JSDocInfo.java,com.google.javascript.rhino.JSDocInfo,org.pitest.mutationtest.engine.gregor.mutators.RemoveConditionalMutator_EQUAL_ELSE,getExtendedInterfacesCount,1298,SURVIVED,none
JSDocInfo.java,com.google.javascript.rhino.JSDocInfo,org.pitest.mutationtest.engine.gregor.mutators.RemoveConditionalMutator_EQUAL_ELSE,getExtendedInterfacesCount,1298,KILLED,RegressionTest1.test0570(RegressionTest1)
JSDocInfo.java,com.google.javascript.rhino.JSDocInfo,org.pitest.mutationtest.engine.gregor.mutators.RemoveConditionalMutator_EQUAL_IF,getExtendedInterfacesCount,1298,KILLED,RegressionTest4.test2037(RegressionTest4)
JSDocInfo.java,com.google.javascript.rhino.JSDocInfo,org.pitest.mutationtest.engine.gregor.mutators.RemoveConditionalMutator_EQUAL_IF,getExtendedInterfacesCount,1298,SURVIVED,none
JSDocInfo.java,com.google.javascript.rhino.JSDocInfo,org.pitest.mutationtest.engine.gregor.mutators.ReturnValsMutator,getExtendedInterfacesCount,1299,KILLED,RegressionTest4.test2037(RegressionTest4)
JSDocInfo.java,com.google.javascript.rhino.JSDocInfo,org.pitest.mutationtest.engine.gregor.mutators.ReturnValsMutator,getExtendedInterfacesCount,1301,NO_COVERAGE,none
JSDocInfo.java,com.google.javascript.rhino.JSDocInfo,org.pitest.mutationtest.engine.gregor.mutators.EmptyObjectReturnValsMutator,getFileOverview,1397,KILLED,RegressionTest4.test2015(RegressionTest4)
JSDocInfo.java,com.google.javascript.rhino.JSDocInfo,org.pitest.mutationtest.engine.gregor.mutators.NegateConditionalsMutator,getFileOverview,1397,KILLED,RegressionTest4.test2015(RegressionTest4)
JSDocInfo.java,com.google.javascript.rhino.JSDocInfo,org.pitest.mutationtest.engine.gregor.mutators.RemoveConditionalMutator_EQUAL_ELSE,getFileOverview,1397,KILLED,RegressionTest4.test2015(RegressionTest4)
JSDocInfo.java,com.google.javascript.rhino.JSDocInfo,org.pitest.mutationtest.engine.gregor.mutators.RemoveConditionalMutator_EQUAL_IF,getFileOverview,1397,SURVIVED,none
JSDocInfo.java,com.google.javascript.rhino.JSDocInfo,org.pitest.mutationtest.engine.gregor.mutators.ReturnValsMutator,getFileOverview,1397,KILLED,RegressionTest4.test2015(RegressionTest4)
JSDocInfo.java,com.google.javascript.rhino.JSDocInfo,org.pitest.mutationtest.engine.gregor.mutators.BooleanTrueReturnValsMutator,getFlag,613,KILLED,RegressionTest4.test2006(RegressionTest4)
JSDocInfo.java,com.google.javascript.rhino.JSDocInfo,org.pitest.mutationtest.engine.gregor.mutators.InlineConstantMutator,getFlag,613,SURVIVED,none
JSDocInfo.java,com.google.javascript.rhino.JSDocInfo,org.pitest.mutationtest.engine.gregor.mutators.InlineConstantMutator,getFlag,613,KILLED,RegressionTest4.test2006(RegressionTest4)
JSDocInfo.java,com.google.javascript.rhino.JSDocInfo,org.pitest.mutationtest.engine.gregor.mutators.MathMutator,getFlag,613,KILLED,RegressionTest4.test2006(RegressionTest4)
JSDocInfo.java,com.google.javascript.rhino.JSDocInfo,org.pitest.mutationtest.engine.gregor.mutators.NegateConditionalsMutator,getFlag,613,KILLED,RegressionTest4.test2006(RegressionTest4)
JSDocInfo.java,com.google.javascript.rhino.JSDocInfo,org.pitest.mutationtest.engine.gregor.mutators.RemoveConditionalMutator_EQUAL_ELSE,getFlag,613,SURVIVED,none
JSDocInfo.java,com.google.javascript.rhino.JSDocInfo,org.pitest.mutationtest.engine.gregor.mutators.RemoveConditionalMutator_EQUAL_IF,getFlag,613,KILLED,RegressionTest4.test2006(RegressionTest4)
JSDocInfo.java,com.google.javascript.rhino.JSDocInfo,org.pitest.mutationtest.engine.gregor.mutators.ReturnValsMutator,getFlag,613,KILLED,RegressionTest4.test2006(RegressionTest4)
JSDocInfo.java,com.google.javascript.rhino.JSDocInfo,org.pitest.mutationtest.engine.gregor.mutators.InlineConstantMutator,getImplementedInterfaceCount,1259,KILLED,RegressionTest4.test2041(RegressionTest4)
JSDocInfo.java,com.google.javascript.rhino.JSDocInfo,org.pitest.mutationtest.engine.gregor.mutators.NegateConditionalsMutator,getImplementedInterfaceCount,1258,KILLED,RegressionTest4.test2041(RegressionTest4)
JSDocInfo.java,com.google.javascript.rhino.JSDocInfo,org.pitest.mutationtest.engine.gregor.mutators.NegateConditionalsMutator,getImplementedInterfaceCount,1258,KILLED,RegressionTest3.test1531(RegressionTest3)
JSDocInfo.java,com.google.javascript.rhino.JSDocInfo,org.pitest.mutationtest.engine.gregor.mutators.NonVoidMethodCallMutator,getImplementedInterfaceCount,1261,NO_COVERAGE,none
JSDocInfo.java,com.google.javascript.rhino.JSDocInfo,org.pitest.mutationtest.engine.gregor.mutators.PrimitiveReturnsMutator,getImplementedInterfaceCount,1261,NO_COVERAGE,none
JSDocInfo.java,com.google.javascript.rhino.JSDocInfo,org.pitest.mutationtest.engine.gregor.mutators.RemoveConditionalMutator_EQUAL_ELSE,getImplementedInterfaceCount,1258,SURVIVED,none
JSDocInfo.java,com.google.javascript.rhino.JSDocInfo,org.pitest.mutationtest.engine.gregor.mutators.RemoveConditionalMutator_EQUAL_ELSE,getImplementedInterfaceCount,1258,KILLED,RegressionTest3.test1531(RegressionTest3)
JSDocInfo.java,com.google.javascript.rhino.JSDocInfo,org.pitest.mutationtest.engine.gregor.mutators.RemoveConditionalMutator_EQUAL_IF,getImplementedInterfaceCount,1258,KILLED,RegressionTest4.test2041(RegressionTest4)
JSDocInfo.java,com.google.javascript.rhino.JSDocInfo,org.pitest.mutationtest.engine.gregor.mutators.RemoveConditionalMutator_EQUAL_IF,getImplementedInterfaceCount,1258,SURVIVED,none
JSDocInfo.java,com.google.javascript.rhino.JSDocInfo,org.pitest.mutationtest.engine.gregor.mutators.ReturnValsMutator,getImplementedInterfaceCount,1259,KILLED,RegressionTest4.test2041(RegressionTest4)
JSDocInfo.java,com.google.javascript.rhino.JSDocInfo,org.pitest.mutationtest.engine.gregor.mutators.ReturnValsMutator,getImplementedInterfaceCount,1261,NO_COVERAGE,none
JSDocInfo.java,com.google.javascript.rhino.JSDocInfo,org.pitest.mutationtest.engine.gregor.mutators.ArgumentPropagationMutator,getImplementedInterfaces,1250,NO_COVERAGE,none
JSDocInfo.java,com.google.javascript.rhino.JSDocInfo,org.pitest.mutationtest.engine.gregor.mutators.EmptyObjectReturnValsMutator,getImplementedInterfaces,1248,SURVIVED,none
JSDocInfo.java,com.google.javascript.rhino.JSDocInfo,org.pitest.mutationtest.engine.gregor.mutators.EmptyObjectReturnValsMutator,getImplementedInterfaces,1250,NO_COVERAGE,none
JSDocInfo.java,com.google.javascript.rhino.JSDocInfo,org.pitest.mutationtest.engine.gregor.mutators.NegateConditionalsMutator,getImplementedInterfaces,1247,KILLED,RegressionTest4.test2012(RegressionTest4)
JSDocInfo.java,com.google.javascript.rhino.JSDocInfo,org.pitest.mutationtest.engine.gregor.mutators.NegateConditionalsMutator,getImplementedInterfaces,1247,KILLED,RegressionTest2.test1169(RegressionTest2)
JSDocInfo.java,com.google.javascript.rhino.JSDocInfo,org.pitest.mutationtest.engine.gregor.mutators.NonVoidMethodCallMutator,getImplementedInterfaces,1248,KILLED,RegressionTest4.test2012(RegressionTest4)
JSDocInfo.java,com.google.javascript.rhino.JSDocInfo,org.pitest.mutationtest.engine.gregor.mutators.NonVoidMethodCallMutator,getImplementedInterfaces,1250,NO_COVERAGE,none
JSDocInfo.java,com.google.javascript.rhino.JSDocInfo,org.pitest.mutationtest.engine.gregor.mutators.RemoveConditionalMutator_EQUAL_ELSE,getImplementedInterfaces,1247,SURVIVED,none
JSDocInfo.java,com.google.javascript.rhino.JSDocInfo,org.pitest.mutationtest.engine.gregor.mutators.RemoveConditionalMutator_EQUAL_ELSE,getImplementedInterfaces,1247,KILLED,RegressionTest2.test1169(RegressionTest2)
JSDocInfo.java,com.google.javascript.rhino.JSDocInfo,org.pitest.mutationtest.engine.gregor.mutators.RemoveConditionalMutator_EQUAL_IF,getImplementedInterfaces,1247,KILLED,RegressionTest4.test2012(RegressionTest4)
JSDocInfo.java,com.google.javascript.rhino.JSDocInfo,org.pitest.mutationtest.engine.gregor.mutators.RemoveConditionalMutator_EQUAL_IF,getImplementedInterfaces,1247,SURVIVED,none
JSDocInfo.java,com.google.javascript.rhino.JSDocInfo,org.pitest.mutationtest.engine.gregor.mutators.ReturnValsMutator,getImplementedInterfaces,1248,KILLED,RegressionTest4.test2012(RegressionTest4)
JSDocInfo.java,com.google.javascript.rhino.JSDocInfo,org.pitest.mutationtest.engine.gregor.mutators.ReturnValsMutator,getImplementedInterfaces,1250,NO_COVERAGE,none
JSDocInfo.java,com.google.javascript.rhino.JSDocInfo,org.pitest.mutationtest.engine.gregor.mutators.EmptyObjectReturnValsMutator,getLendsName,1184,KILLED,RegressionTest4.test2016(RegressionTest4)
JSDocInfo.java,com.google.javascript.rhino.JSDocInfo,org.pitest.mutationtest.engine.gregor.mutators.NegateConditionalsMutator,getLendsName,1184,KILLED,RegressionTest4.test2016(RegressionTest4)
JSDocInfo.java,com.google.javascript.rhino.JSDocInfo,org.pitest.mutationtest.engine.gregor.mutators.RemoveConditionalMutator_EQUAL_ELSE,getLendsName,1184,KILLED,RegressionTest4.test2016(RegressionTest4)
JSDocInfo.java,com.google.javascript.rhino.JSDocInfo,org.pitest.mutationtest.engine.gregor.mutators.RemoveConditionalMutator_EQUAL_IF,getLendsName,1184,SURVIVED,none
JSDocInfo.java,com.google.javascript.rhino.JSDocInfo,org.pitest.mutationtest.engine.gregor.mutators.ReturnValsMutator,getLendsName,1184,KILLED,RegressionTest4.test2016(RegressionTest4)
JSDocInfo.java,com.google.javascript.rhino.JSDocInfo,org.pitest.mutationtest.engine.gregor.mutators.EmptyObjectReturnValsMutator,getLicense,1196,KILLED,RegressionTest4.test2015(RegressionTest4)
JSDocInfo.java,com.google.javascript.rhino.JSDocInfo,org.pitest.mutationtest.engine.gregor.mutators.NegateConditionalsMutator,getLicense,1196,KILLED,RegressionTest4.test2015(RegressionTest4)
JSDocInfo.java,com.google.javascript.rhino.JSDocInfo,org.pitest.mutationtest.engine.gregor.mutators.RemoveConditionalMutator_EQUAL_ELSE,getLicense,1196,KILLED,RegressionTest4.test2015(RegressionTest4)
JSDocInfo.java,com.google.javascript.rhino.JSDocInfo,org.pitest.mutationtest.engine.gregor.mutators.RemoveConditionalMutator_EQUAL_IF,getLicense,1196,KILLED,RegressionTest2.test1477(RegressionTest2)
JSDocInfo.java,com.google.javascript.rhino.JSDocInfo,org.pitest.mutationtest.engine.gregor.mutators.ReturnValsMutator,getLicense,1196,KILLED,RegressionTest4.test2015(RegressionTest4)
JSDocInfo.java,com.google.javascript.rhino.JSDocInfo,org.pitest.mutationtest.engine.gregor.mutators.EmptyObjectReturnValsMutator,getMarkers,1423,SURVIVED,none
JSDocInfo.java,com.google.javascript.rhino.JSDocInfo,org.pitest.mutationtest.engine.gregor.mutators.NegateConditionalsMutator,getMarkers,1423,KILLED,RegressionTest4.test2054(RegressionTest4)
JSDocInfo.java,com.google.javascript.rhino.JSDocInfo,org.pitest.mutationtest.engine.gregor.mutators.NegateConditionalsMutator,getMarkers,1423,SURVIVED,none
JSDocInfo.java,com.google.javascript.rhino.JSDocInfo,org.pitest.mutationtest.engine.gregor.mutators.NonVoidMethodCallMutator,getMarkers,1423,KILLED,RegressionTest4.test2054(RegressionTest4)
JSDocInfo.java,com.google.javascript.rhino.JSDocInfo,org.pitest.mutationtest.engine.gregor.mutators.RemoveConditionalMutator_EQUAL_ELSE,getMarkers,1423,SURVIVED,none
JSDocInfo.java,com.google.javascript.rhino.JSDocInfo,org.pitest.mutationtest.engine.gregor.mutators.RemoveConditionalMutator_EQUAL_ELSE,getMarkers,1423,SURVIVED,none
JSDocInfo.java,com.google.javascript.rhino.JSDocInfo,org.pitest.mutationtest.engine.gregor.mutators.RemoveConditionalMutator_EQUAL_IF,getMarkers,1423,KILLED,RegressionTest4.test2054(RegressionTest4)
JSDocInfo.java,com.google.javascript.rhino.JSDocInfo,org.pitest.mutationtest.engine.gregor.mutators.RemoveConditionalMutator_EQUAL_IF,getMarkers,1423,SURVIVED,none
JSDocInfo.java,com.google.javascript.rhino.JSDocInfo,org.pitest.mutationtest.engine.gregor.mutators.ReturnValsMutator,getMarkers,1423,KILLED,RegressionTest4.test2054(RegressionTest4)
JSDocInfo.java,com.google.javascript.rhino.JSDocInfo,org.pitest.mutationtest.engine.gregor.mutators.EmptyObjectReturnValsMutator,getMeaning,1167,KILLED,RegressionTest4.test2015(RegressionTest4)
JSDocInfo.java,com.google.javascript.rhino.JSDocInfo,org.pitest.mutationtest.engine.gregor.mutators.NegateConditionalsMutator,getMeaning,1167,KILLED,RegressionTest4.test2015(RegressionTest4)
JSDocInfo.java,com.google.javascript.rhino.JSDocInfo,org.pitest.mutationtest.engine.gregor.mutators.RemoveConditionalMutator_EQUAL_ELSE,getMeaning,1167,KILLED,RegressionTest4.test2015(RegressionTest4)
JSDocInfo.java,com.google.javascript.rhino.JSDocInfo,org.pitest.mutationtest.engine.gregor.mutators.RemoveConditionalMutator_EQUAL_IF,getMeaning,1167,SURVIVED,none
JSDocInfo.java,com.google.javascript.rhino.JSDocInfo,org.pitest.mutationtest.engine.gregor.mutators.ReturnValsMutator,getMeaning,1167,KILLED,RegressionTest4.test2015(RegressionTest4)
JSDocInfo.java,com.google.javascript.rhino.JSDocInfo,org.pitest.mutationtest.engine.gregor.mutators.EmptyObjectReturnValsMutator,getModifies,1324,SURVIVED,none
JSDocInfo.java,com.google.javascript.rhino.JSDocInfo,org.pitest.mutationtest.engine.gregor.mutators.NegateConditionalsMutator,getModifies,1323,KILLED,RegressionTest4.test2060(RegressionTest4)
JSDocInfo.java,com.google.javascript.rhino.JSDocInfo,org.pitest.mutationtest.engine.gregor.mutators.NegateConditionalsMutator,getModifies,1324,KILLED,RegressionTest4.test2060(RegressionTest4)
JSDocInfo.java,com.google.javascript.rhino.JSDocInfo,org.pitest.mutationtest.engine.gregor.mutators.NonVoidMethodCallMutator,getModifies,1324,KILLED,RegressionTest4.test2060(RegressionTest4)
JSDocInfo.java,com.google.javascript.rhino.JSDocInfo,org.pitest.mutationtest.engine.gregor.mutators.RemoveConditionalMutator_EQUAL_ELSE,getModifies,1323,KILLED,RegressionTest4.test2060(RegressionTest4)
JSDocInfo.java,com.google.javascript.rhino.JSDocInfo,org.pitest.mutationtest.engine.gregor.mutators.RemoveConditionalMutator_EQUAL_ELSE,getModifies,1324,KILLED,RegressionTest4.test2060(RegressionTest4)
JSDocInfo.java,com.google.javascript.rhino.JSDocInfo,org.pitest.mutationtest.engine.gregor.mutators.RemoveConditionalMutator_EQUAL_IF,getModifies,1323,SURVIVED,none
JSDocInfo.java,com.google.javascript.rhino.JSDocInfo,org.pitest.mutationtest.engine.gregor.mutators.RemoveConditionalMutator_EQUAL_IF,getModifies,1324,SURVIVED,none
JSDocInfo.java,com.google.javascript.rhino.JSDocInfo,org.pitest.mutationtest.engine.gregor.mutators.ReturnValsMutator,getModifies,1324,KILLED,RegressionTest4.test2060(RegressionTest4)
JSDocInfo.java,com.google.javascript.rhino.JSDocInfo,org.pitest.mutationtest.engine.gregor.mutators.EmptyObjectReturnValsMutator,getOriginalCommentString,1499,KILLED,RegressionTest4.test2077(RegressionTest4)
JSDocInfo.java,com.google.javascript.rhino.JSDocInfo,org.pitest.mutationtest.engine.gregor.mutators.NegateConditionalsMutator,getOriginalCommentString,1499,KILLED,RegressionTest4.test2077(RegressionTest4)
JSDocInfo.java,com.google.javascript.rhino.JSDocInfo,org.pitest.mutationtest.engine.gregor.mutators.RemoveConditionalMutator_EQUAL_ELSE,getOriginalCommentString,1499,KILLED,RegressionTest4.test2077(RegressionTest4)
JSDocInfo.java,com.google.javascript.rhino.JSDocInfo,org.pitest.mutationtest.engine.gregor.mutators.RemoveConditionalMutator_EQUAL_IF,getOriginalCommentString,1499,SURVIVED,none
JSDocInfo.java,com.google.javascript.rhino.JSDocInfo,org.pitest.mutationtest.engine.gregor.mutators.ReturnValsMutator,getOriginalCommentString,1499,KILLED,RegressionTest4.test2077(RegressionTest4)
JSDocInfo.java,com.google.javascript.rhino.JSDocInfo,org.pitest.mutationtest.engine.gregor.mutators.InlineConstantMutator,getParameterCount,996,KILLED,RegressionTest4.test2010(RegressionTest4)
JSDocInfo.java,com.google.javascript.rhino.JSDocInfo,org.pitest.mutationtest.engine.gregor.mutators.NegateConditionalsMutator,getParameterCount,995,KILLED,RegressionTest4.test2010(RegressionTest4)
JSDocInfo.java,com.google.javascript.rhino.JSDocInfo,org.pitest.mutationtest.engine.gregor.mutators.NegateConditionalsMutator,getParameterCount,995,KILLED,RegressionTest2.test1284(RegressionTest2)
JSDocInfo.java,com.google.javascript.rhino.JSDocInfo,org.pitest.mutationtest.engine.gregor.mutators.NonVoidMethodCallMutator,getParameterCount,998,NO_COVERAGE,none
JSDocInfo.java,com.google.javascript.rhino.JSDocInfo,org.pitest.mutationtest.engine.gregor.mutators.PrimitiveReturnsMutator,getParameterCount,998,NO_COVERAGE,none
JSDocInfo.java,com.google.javascript.rhino.JSDocInfo,org.pitest.mutationtest.engine.gregor.mutators.RemoveConditionalMutator_EQUAL_ELSE,getParameterCount,995,SURVIVED,none
JSDocInfo.java,com.google.javascript.rhino.JSDocInfo,org.pitest.mutationtest.engine.gregor.mutators.RemoveConditionalMutator_EQUAL_ELSE,getParameterCount,995,KILLED,RegressionTest2.test1284(RegressionTest2)
JSDocInfo.java,com.google.javascript.rhino.JSDocInfo,org.pitest.mutationtest.engine.gregor.mutators.RemoveConditionalMutator_EQUAL_IF,getParameterCount,995,KILLED,RegressionTest4.test2010(RegressionTest4)
JSDocInfo.java,com.google.javascript.rhino.JSDocInfo,org.pitest.mutationtest.engine.gregor.mutators.RemoveConditionalMutator_EQUAL_IF,getParameterCount,995,SURVIVED,none
JSDocInfo.java,com.google.javascript.rhino.JSDocInfo,org.pitest.mutationtest.engine.gregor.mutators.ReturnValsMutator,getParameterCount,996,KILLED,RegressionTest4.test2010(RegressionTest4)
JSDocInfo.java,com.google.javascript.rhino.JSDocInfo,org.pitest.mutationtest.engine.gregor.mutators.ReturnValsMutator,getParameterCount,998,NO_COVERAGE,none
JSDocInfo.java,com.google.javascript.rhino.JSDocInfo,org.pitest.mutationtest.engine.gregor.mutators.EmptyObjectReturnValsMutator,getParameterNames,986,SURVIVED,none
JSDocInfo.java,com.google.javascript.rhino.JSDocInfo,org.pitest.mutationtest.engine.gregor.mutators.EmptyObjectReturnValsMutator,getParameterNames,988,NO_COVERAGE,none
JSDocInfo.java,com.google.javascript.rhino.JSDocInfo,org.pitest.mutationtest.engine.gregor.mutators.NegateConditionalsMutator,getParameterNames,985,KILLED,RegressionTest4.test2033(RegressionTest4)
JSDocInfo.java,com.google.javascript.rhino.JSDocInfo,org.pitest.mutationtest.engine.gregor.mutators.NegateConditionalsMutator,getParameterNames,985,KILLED,RegressionTest2.test1229(RegressionTest2)
JSDocInfo.java,com.google.javascript.rhino.JSDocInfo,org.pitest.mutationtest.engine.gregor.mutators.NonVoidMethodCallMutator,getParameterNames,986,KILLED,RegressionTest4.test2033(RegressionTest4)
JSDocInfo.java,com.google.javascript.rhino.JSDocInfo,org.pitest.mutationtest.engine.gregor.mutators.NonVoidMethodCallMutator,getParameterNames,988,NO_COVERAGE,none
JSDocInfo.java,com.google.javascript.rhino.JSDocInfo,org.pitest.mutationtest.engine.gregor.mutators.NonVoidMethodCallMutator,getParameterNames,988,NO_COVERAGE,none
JSDocInfo.java,com.google.javascript.rhino.JSDocInfo,org.pitest.mutationtest.engine.gregor.mutators.RemoveConditionalMutator_EQUAL_ELSE,getParameterNames,985,SURVIVED,none
JSDocInfo.java,com.google.javascript.rhino.JSDocInfo,org.pitest.mutationtest.engine.gregor.mutators.RemoveConditionalMutator_EQUAL_ELSE,getParameterNames,985,KILLED,RegressionTest2.test1229(RegressionTest2)
JSDocInfo.java,com.google.javascript.rhino.JSDocInfo,org.pitest.mutationtest.engine.gregor.mutators.RemoveConditionalMutator_EQUAL_IF,getParameterNames,985,KILLED,RegressionTest4.test2033(RegressionTest4)
JSDocInfo.java,com.google.javascript.rhino.JSDocInfo,org.pitest.mutationtest.engine.gregor.mutators.RemoveConditionalMutator_EQUAL_IF,getParameterNames,985,SURVIVED,none
JSDocInfo.java,com.google.javascript.rhino.JSDocInfo,org.pitest.mutationtest.engine.gregor.mutators.ReturnValsMutator,getParameterNames,986,KILLED,RegressionTest4.test2033(RegressionTest4)
JSDocInfo.java,com.google.javascript.rhino.JSDocInfo,org.pitest.mutationtest.engine.gregor.mutators.ReturnValsMutator,getParameterNames,988,NO_COVERAGE,none
JSDocInfo.java,com.google.javascript.rhino.JSDocInfo,org.pitest.mutationtest.engine.gregor.mutators.ArgumentPropagationMutator,getParameterType,954,NO_COVERAGE,none
JSDocInfo.java,com.google.javascript.rhino.JSDocInfo,org.pitest.mutationtest.engine.gregor.mutators.NegateConditionalsMutator,getParameterType,951,KILLED,RegressionTest4.test2025(RegressionTest4)
JSDocInfo.java,com.google.javascript.rhino.JSDocInfo,org.pitest.mutationtest.engine.gregor.mutators.NegateConditionalsMutator,getParameterType,951,KILLED,RegressionTest4.test2076(RegressionTest4)
JSDocInfo.java,com.google.javascript.rhino.JSDocInfo,org.pitest.mutationtest.engine.gregor.mutators.NonVoidMethodCallMutator,getParameterType,954,NO_COVERAGE,none
JSDocInfo.java,com.google.javascript.rhino.JSDocInfo,org.pitest.mutationtest.engine.gregor.mutators.NullReturnValsMutator,getParameterType,954,NO_COVERAGE,none
JSDocInfo.java,com.google.javascript.rhino.JSDocInfo,org.pitest.mutationtest.engine.gregor.mutators.RemoveConditionalMutator_EQUAL_ELSE,getParameterType,951,SURVIVED,none
JSDocInfo.java,com.google.javascript.rhino.JSDocInfo,org.pitest.mutationtest.engine.gregor.mutators.RemoveConditionalMutator_EQUAL_ELSE,getParameterType,951,KILLED,RegressionTest4.test2076(RegressionTest4)
JSDocInfo.java,com.google.javascript.rhino.JSDocInfo,org.pitest.mutationtest.engine.gregor.mutators.RemoveConditionalMutator_EQUAL_IF,getParameterType,951,KILLED,RegressionTest4.test2025(RegressionTest4)
JSDocInfo.java,com.google.javascript.rhino.JSDocInfo,org.pitest.mutationtest.engine.gregor.mutators.RemoveConditionalMutator_EQUAL_IF,getParameterType,951,SURVIVED,none
JSDocInfo.java,com.google.javascript.rhino.JSDocInfo,org.pitest.mutationtest.engine.gregor.mutators.ReturnValsMutator,getParameterType,952,KILLED,RegressionTest4.test2025(RegressionTest4)
JSDocInfo.java,com.google.javascript.rhino.JSDocInfo,org.pitest.mutationtest.engine.gregor.mutators.ReturnValsMutator,getParameterType,954,NO_COVERAGE,none
JSDocInfo.java,com.google.javascript.rhino.JSDocInfo,org.pitest.mutationtest.engine.gregor.mutators.EmptyObjectReturnValsMutator,getReferences,1362,KILLED,RegressionTest4.test2027(RegressionTest4)
JSDocInfo.java,com.google.javascript.rhino.JSDocInfo,org.pitest.mutationtest.engine.gregor.mutators.NegateConditionalsMutator,getReferences,1362,KILLED,RegressionTest4.test2027(RegressionTest4)
JSDocInfo.java,com.google.javascript.rhino.JSDocInfo,org.pitest.mutationtest.engine.gregor.mutators.RemoveConditionalMutator_EQUAL_ELSE,getReferences,1362,KILLED,RegressionTest4.test2027(RegressionTest4)
JSDocInfo.java,com.google.javascript.rhino.JSDocInfo,org.pitest.mutationtest.engine.gregor.mutators.RemoveConditionalMutator_EQUAL_IF,getReferences,1362,SURVIVED,none
JSDocInfo.java,com.google.javascript.rhino.JSDocInfo,org.pitest.mutationtest.engine.gregor.mutators.ReturnValsMutator,getReferences,1362,KILLED,RegressionTest4.test2027(RegressionTest4)
JSDocInfo.java,com.google.javascript.rhino.JSDocInfo,org.pitest.mutationtest.engine.gregor.mutators.EmptyObjectReturnValsMutator,getReturnDescription,1376,KILLED,RegressionTest4.test2066(RegressionTest4)
JSDocInfo.java,com.google.javascript.rhino.JSDocInfo,org.pitest.mutationtest.engine.gregor.mutators.NegateConditionalsMutator,getReturnDescription,1376,KILLED,RegressionTest4.test2066(RegressionTest4)
JSDocInfo.java,com.google.javascript.rhino.JSDocInfo,org.pitest.mutationtest.engine.gregor.mutators.RemoveConditionalMutator_EQUAL_ELSE,getReturnDescription,1376,KILLED,RegressionTest4.test2066(RegressionTest4)
JSDocInfo.java,com.google.javascript.rhino.JSDocInfo,org.pitest.mutationtest.engine.gregor.mutators.RemoveConditionalMutator_EQUAL_IF,getReturnDescription,1376,SURVIVED,none
JSDocInfo.java,com.google.javascript.rhino.JSDocInfo,org.pitest.mutationtest.engine.gregor.mutators.ReturnValsMutator,getReturnDescription,1376,KILLED,RegressionTest4.test2066(RegressionTest4)
JSDocInfo.java,com.google.javascript.rhino.JSDocInfo,org.pitest.mutationtest.engine.gregor.mutators.InlineConstantMutator,getReturnType,1084,SURVIVED,none
JSDocInfo.java,com.google.javascript.rhino.JSDocInfo,org.pitest.mutationtest.engine.gregor.mutators.NonVoidMethodCallMutator,getReturnType,1084,SURVIVED,none
JSDocInfo.java,com.google.javascript.rhino.JSDocInfo,org.pitest.mutationtest.engine.gregor.mutators.NullReturnValsMutator,getReturnType,1084,SURVIVED,none
JSDocInfo.java,com.google.javascript.rhino.JSDocInfo,org.pitest.mutationtest.engine.gregor.mutators.ReturnValsMutator,getReturnType,1084,KILLED,RegressionTest4.test2027(RegressionTest4)
JSDocInfo.java,com.google.javascript.rhino.JSDocInfo,org.pitest.mutationtest.engine.gregor.mutators.EmptyObjectReturnValsMutator,getSourceName,1417,KILLED,RegressionTest4.test2042(RegressionTest4)
JSDocInfo.java,com.google.javascript.rhino.JSDocInfo,org.pitest.mutationtest.engine.gregor.mutators.NegateConditionalsMutator,getSourceName,1417,KILLED,RegressionTest4.test2042(RegressionTest4)
JSDocInfo.java,com.google.javascript.rhino.JSDocInfo,org.pitest.mutationtest.engine.gregor.mutators.NonVoidMethodCallMutator,getSourceName,1417,SURVIVED,none
JSDocInfo.java,com.google.javascript.rhino.JSDocInfo,org.pitest.mutationtest.engine.gregor.mutators.RemoveConditionalMutator_EQUAL_ELSE,getSourceName,1417,SURVIVED,none
JSDocInfo.java,com.google.javascript.rhino.JSDocInfo,org.pitest.mutationtest.engine.gregor.mutators.RemoveConditionalMutator_EQUAL_IF,getSourceName,1417,KILLED,RegressionTest4.test2042(RegressionTest4)
JSDocInfo.java,com.google.javascript.rhino.JSDocInfo,org.pitest.mutationtest.engine.gregor.mutators.ReturnValsMutator,getSourceName,1417,KILLED,RegressionTest4.test2042(RegressionTest4)
JSDocInfo.java,com.google.javascript.rhino.JSDocInfo,org.pitest.mutationtest.engine.gregor.mutators.EmptyObjectReturnValsMutator,getSuppressions,1316,SURVIVED,none
JSDocInfo.java,com.google.javascript.rhino.JSDocInfo,org.pitest.mutationtest.engine.gregor.mutators.NegateConditionalsMutator,getSuppressions,1315,KILLED,RegressionTest4.test2041(RegressionTest4)
JSDocInfo.java,com.google.javascript.rhino.JSDocInfo,org.pitest.mutationtest.engine.gregor.mutators.NegateConditionalsMutator,getSuppressions,1316,KILLED,RegressionTest4.test2041(RegressionTest4)
JSDocInfo.java,com.google.javascript.rhino.JSDocInfo,org.pitest.mutationtest.engine.gregor.mutators.NonVoidMethodCallMutator,getSuppressions,1316,KILLED,RegressionTest4.test2041(RegressionTest4)
JSDocInfo.java,com.google.javascript.rhino.JSDocInfo,org.pitest.mutationtest.engine.gregor.mutators.RemoveConditionalMutator_EQUAL_ELSE,getSuppressions,1315,KILLED,RegressionTest4.test2041(RegressionTest4)
JSDocInfo.java,com.google.javascript.rhino.JSDocInfo,org.pitest.mutationtest.engine.gregor.mutators.RemoveConditionalMutator_EQUAL_ELSE,getSuppressions,1316,KILLED,RegressionTest4.test2041(RegressionTest4)
JSDocInfo.java,com.google.javascript.rhino.JSDocInfo,org.pitest.mutationtest.engine.gregor.mutators.RemoveConditionalMutator_EQUAL_IF,getSuppressions,1315,SURVIVED,none
JSDocInfo.java,com.google.javascript.rhino.JSDocInfo,org.pitest.mutationtest.engine.gregor.mutators.RemoveConditionalMutator_EQUAL_IF,getSuppressions,1316,SURVIVED,none
JSDocInfo.java,com.google.javascript.rhino.JSDocInfo,org.pitest.mutationtest.engine.gregor.mutators.ReturnValsMutator,getSuppressions,1316,KILLED,RegressionTest4.test2041(RegressionTest4)
JSDocInfo.java,com.google.javascript.rhino.JSDocInfo,org.pitest.mutationtest.engine.gregor.mutators.NegateConditionalsMutator,getTemplateTypeNames,1429,KILLED,RegressionTest4.test2015(RegressionTest4)
JSDocInfo.java,com.google.javascript.rhino.JSDocInfo,org.pitest.mutationtest.engine.gregor.mutators.NegateConditionalsMutator,getTemplateTypeNames,1429,KILLED,RegressionTest0.test0103(RegressionTest0)
JSDocInfo.java,com.google.javascript.rhino.JSDocInfo,org.pitest.mutationtest.engine.gregor.mutators.NonVoidMethodCallMutator,getTemplateTypeNames,1430,KILLED,RegressionTest4.test2015(RegressionTest4)
JSDocInfo.java,com.google.javascript.rhino.JSDocInfo,org.pitest.mutationtest.engine.gregor.mutators.NullReturnValsMutator,getTemplateTypeNames,1430,KILLED,RegressionTest4.test2015(RegressionTest4)
JSDocInfo.java,com.google.javascript.rhino.JSDocInfo,org.pitest.mutationtest.engine.gregor.mutators.NullReturnValsMutator,getTemplateTypeNames,1432,NO_COVERAGE,none
JSDocInfo.java,com.google.javascript.rhino.JSDocInfo,org.pitest.mutationtest.engine.gregor.mutators.RemoveConditionalMutator_EQUAL_ELSE,getTemplateTypeNames,1429,SURVIVED,none
JSDocInfo.java,com.google.javascript.rhino.JSDocInfo,org.pitest.mutationtest.engine.gregor.mutators.RemoveConditionalMutator_EQUAL_ELSE,getTemplateTypeNames,1429,KILLED,RegressionTest0.test0103(RegressionTest0)
JSDocInfo.java,com.google.javascript.rhino.JSDocInfo,org.pitest.mutationtest.engine.gregor.mutators.RemoveConditionalMutator_EQUAL_IF,getTemplateTypeNames,1429,KILLED,RegressionTest4.test2015(RegressionTest4)
JSDocInfo.java,com.google.javascript.rhino.JSDocInfo,org.pitest.mutationtest.engine.gregor.mutators.RemoveConditionalMutator_EQUAL_IF,getTemplateTypeNames,1429,SURVIVED,none
JSDocInfo.java,com.google.javascript.rhino.JSDocInfo,org.pitest.mutationtest.engine.gregor.mutators.ReturnValsMutator,getTemplateTypeNames,1430,KILLED,RegressionTest4.test2015(RegressionTest4)
JSDocInfo.java,com.google.javascript.rhino.JSDocInfo,org.pitest.mutationtest.engine.gregor.mutators.ReturnValsMutator,getTemplateTypeNames,1432,NO_COVERAGE,none
JSDocInfo.java,com.google.javascript.rhino.JSDocInfo,org.pitest.mutationtest.engine.gregor.mutators.NullReturnValsMutator,getThisType,1113,SURVIVED,none
JSDocInfo.java,com.google.javascript.rhino.JSDocInfo,org.pitest.mutationtest.engine.gregor.mutators.ReturnValsMutator,getThisType,1113,KILLED,RegressionTest4.test2022(RegressionTest4)
JSDocInfo.java,com.google.javascript.rhino.JSDocInfo,org.pitest.mutationtest.engine.gregor.mutators.ArgumentPropagationMutator,getThrownTypes,1034,NO_COVERAGE,none
JSDocInfo.java,com.google.javascript.rhino.JSDocInfo,org.pitest.mutationtest.engine.gregor.mutators.EmptyObjectReturnValsMutator,getThrownTypes,1032,SURVIVED,none
JSDocInfo.java,com.google.javascript.rhino.JSDocInfo,org.pitest.mutationtest.engine.gregor.mutators.EmptyObjectReturnValsMutator,getThrownTypes,1034,NO_COVERAGE,none
JSDocInfo.java,com.google.javascript.rhino.JSDocInfo,org.pitest.mutationtest.engine.gregor.mutators.NegateConditionalsMutator,getThrownTypes,1031,KILLED,RegressionTest4.test2006(RegressionTest4)
JSDocInfo.java,com.google.javascript.rhino.JSDocInfo,org.pitest.mutationtest.engine.gregor.mutators.NegateConditionalsMutator,getThrownTypes,1031,KILLED,RegressionTest0.test0286(RegressionTest0)
JSDocInfo.java,com.google.javascript.rhino.JSDocInfo,org.pitest.mutationtest.engine.gregor.mutators.NonVoidMethodCallMutator,getThrownTypes,1032,KILLED,RegressionTest4.test2006(RegressionTest4)
JSDocInfo.java,com.google.javascript.rhino.JSDocInfo,org.pitest.mutationtest.engine.gregor.mutators.NonVoidMethodCallMutator,getThrownTypes,1034,NO_COVERAGE,none
JSDocInfo.java,com.google.javascript.rhino.JSDocInfo,org.pitest.mutationtest.engine.gregor.mutators.RemoveConditionalMutator_EQUAL_ELSE,getThrownTypes,1031,SURVIVED,none
JSDocInfo.java,com.google.javascript.rhino.JSDocInfo,org.pitest.mutationtest.engine.gregor.mutators.RemoveConditionalMutator_EQUAL_ELSE,getThrownTypes,1031,KILLED,RegressionTest0.test0286(RegressionTest0)
JSDocInfo.java,com.google.javascript.rhino.JSDocInfo,org.pitest.mutationtest.engine.gregor.mutators.RemoveConditionalMutator_EQUAL_IF,getThrownTypes,1031,KILLED,RegressionTest4.test2006(RegressionTest4)
JSDocInfo.java,com.google.javascript.rhino.JSDocInfo,org.pitest.mutationtest.engine.gregor.mutators.RemoveConditionalMutator_EQUAL_IF,getThrownTypes,1031,SURVIVED,none
JSDocInfo.java,com.google.javascript.rhino.JSDocInfo,org.pitest.mutationtest.engine.gregor.mutators.ReturnValsMutator,getThrownTypes,1032,KILLED,RegressionTest4.test2006(RegressionTest4)
JSDocInfo.java,com.google.javascript.rhino.JSDocInfo,org.pitest.mutationtest.engine.gregor.mutators.ReturnValsMutator,getThrownTypes,1034,NO_COVERAGE,none
JSDocInfo.java,com.google.javascript.rhino.JSDocInfo,org.pitest.mutationtest.engine.gregor.mutators.InlineConstantMutator,getType,1077,SURVIVED,none
JSDocInfo.java,com.google.javascript.rhino.JSDocInfo,org.pitest.mutationtest.engine.gregor.mutators.NonVoidMethodCallMutator,getType,1077,SURVIVED,none
JSDocInfo.java,com.google.javascript.rhino.JSDocInfo,org.pitest.mutationtest.engine.gregor.mutators.NullReturnValsMutator,getType,1077,SURVIVED,none
JSDocInfo.java,com.google.javascript.rhino.JSDocInfo,org.pitest.mutationtest.engine.gregor.mutators.ReturnValsMutator,getType,1077,KILLED,RegressionTest4.test2002(RegressionTest4)
JSDocInfo.java,com.google.javascript.rhino.JSDocInfo,org.pitest.mutationtest.engine.gregor.mutators.InlineConstantMutator,getType,1102,SURVIVED,none
JSDocInfo.java,com.google.javascript.rhino.JSDocInfo,org.pitest.mutationtest.engine.gregor.mutators.MathMutator,getType,1102,SURVIVED,none
JSDocInfo.java,com.google.javascript.rhino.JSDocInfo,org.pitest.mutationtest.engine.gregor.mutators.NegateConditionalsMutator,getType,1102,SURVIVED,none
JSDocInfo.java,com.google.javascript.rhino.JSDocInfo,org.pitest.mutationtest.engine.gregor.mutators.NullReturnValsMutator,getType,1103,NO_COVERAGE,none
JSDocInfo.java,com.google.javascript.rhino.JSDocInfo,org.pitest.mutationtest.engine.gregor.mutators.RemoveConditionalMutator_EQUAL_ELSE,getType,1102,SURVIVED,none
JSDocInfo.java,com.google.javascript.rhino.JSDocInfo,org.pitest.mutationtest.engine.gregor.mutators.RemoveConditionalMutator_EQUAL_IF,getType,1102,SURVIVED,none
JSDocInfo.java,com.google.javascript.rhino.JSDocInfo,org.pitest.mutationtest.engine.gregor.mutators.ReturnValsMutator,getType,1103,NO_COVERAGE,none
JSDocInfo.java,com.google.javascript.rhino.JSDocInfo,org.pitest.mutationtest.engine.gregor.mutators.ReturnValsMutator,getType,1105,KILLED,RegressionTest4.test2033(RegressionTest4)
JSDocInfo.java,com.google.javascript.rhino.JSDocInfo,org.pitest.mutationtest.engine.gregor.mutators.EmptyObjectReturnValsMutator,getTypeNodes,1487,SURVIVED,none
JSDocInfo.java,com.google.javascript.rhino.JSDocInfo,org.pitest.mutationtest.engine.gregor.mutators.NegateConditionalsMutator,getTypeNodes,1445,KILLED,RegressionTest4.test2075(RegressionTest4)
JSDocInfo.java,com.google.javascript.rhino.JSDocInfo,org.pitest.mutationtest.engine.gregor.mutators.NegateConditionalsMutator,getTypeNodes,1449,KILLED,RegressionTest4.test2075(RegressionTest4)
JSDocInfo.java,com.google.javascript.rhino.JSDocInfo,org.pitest.mutationtest.engine.gregor.mutators.NegateConditionalsMutator,getTypeNodes,1453,KILLED,RegressionTest4.test2075(RegressionTest4)
JSDocInfo.java,com.google.javascript.rhino.JSDocInfo,org.pitest.mutationtest.engine.gregor.mutators.NegateConditionalsMutator,getTypeNodes,1454,KILLED,RegressionTest4.test2009(RegressionTest4)
JSDocInfo.java,com.google.javascript.rhino.JSDocInfo,org.pitest.mutationtest.engine.gregor.mutators.NegateConditionalsMutator,getTypeNodes,1458,KILLED,RegressionTest4.test2009(RegressionTest4)
JSDocInfo.java,com.google.javascript.rhino.JSDocInfo,org.pitest.mutationtest.engine.gregor.mutators.NegateConditionalsMutator,getTypeNodes,1464,KILLED,RegressionTest4.test2009(RegressionTest4)
JSDocInfo.java,com.google.javascript.rhino.JSDocInfo,org.pitest.mutationtest.engine.gregor.mutators.NegateConditionalsMutator,getTypeNodes,1470,KILLED,RegressionTest4.test2009(RegressionTest4)
JSDocInfo.java,com.google.javascript.rhino.JSDocInfo,org.pitest.mutationtest.engine.gregor.mutators.NegateConditionalsMutator,getTypeNodes,1472,NO_COVERAGE,none
JSDocInfo.java,com.google.javascript.rhino.JSDocInfo,org.pitest.mutationtest.engine.gregor.mutators.NegateConditionalsMutator,getTypeNodes,1478,KILLED,RegressionTest4.test2009(RegressionTest4)
JSDocInfo.java,com.google.javascript.rhino.JSDocInfo,org.pitest.mutationtest.engine.gregor.mutators.NegateConditionalsMutator,getTypeNodes,1480,NO_COVERAGE,none
JSDocInfo.java,com.google.javascript.rhino.JSDocInfo,org.pitest.mutationtest.engine.gregor.mutators.NonVoidMethodCallMutator,getTypeNodes,1443,KILLED,RegressionTest4.test2075(RegressionTest4)
JSDocInfo.java,com.google.javascript.rhino.JSDocInfo,org.pitest.mutationtest.engine.gregor.mutators.NonVoidMethodCallMutator,getTypeNodes,1446,NO_COVERAGE,none
JSDocInfo.java,com.google.javascript.rhino.JSDocInfo,org.pitest.mutationtest.engine.gregor.mutators.NonVoidMethodCallMutator,getTypeNodes,1446,NO_COVERAGE,none
JSDocInfo.java,com.google.javascript.rhino.JSDocInfo,org.pitest.mutationtest.engine.gregor.mutators.NonVoidMethodCallMutator,getTypeNodes,1450,NO_COVERAGE,none
JSDocInfo.java,com.google.javascript.rhino.JSDocInfo,org.pitest.mutationtest.engine.gregor.mutators.NonVoidMethodCallMutator,getTypeNodes,1450,NO_COVERAGE,none
JSDocInfo.java,com.google.javascript.rhino.JSDocInfo,org.pitest.mutationtest.engine.gregor.mutators.NonVoidMethodCallMutator,getTypeNodes,1455,NO_COVERAGE,none
JSDocInfo.java,com.google.javascript.rhino.JSDocInfo,org.pitest.mutationtest.engine.gregor.mutators.NonVoidMethodCallMutator,getTypeNodes,1455,NO_COVERAGE,none
JSDocInfo.java,com.google.javascript.rhino.JSDocInfo,org.pitest.mutationtest.engine.gregor.mutators.NonVoidMethodCallMutator,getTypeNodes,1460,NO_COVERAGE,none
JSDocInfo.java,com.google.javascript.rhino.JSDocInfo,org.pitest.mutationtest.engine.gregor.mutators.NonVoidMethodCallMutator,getTypeNodes,1460,NO_COVERAGE,none
JSDocInfo.java,com.google.javascript.rhino.JSDocInfo,org.pitest.mutationtest.engine.gregor.mutators.NonVoidMethodCallMutator,getTypeNodes,1466,NO_COVERAGE,none
JSDocInfo.java,com.google.javascript.rhino.JSDocInfo,org.pitest.mutationtest.engine.gregor.mutators.NonVoidMethodCallMutator,getTypeNodes,1466,NO_COVERAGE,none
JSDocInfo.java,com.google.javascript.rhino.JSDocInfo,org.pitest.mutationtest.engine.gregor.mutators.NonVoidMethodCallMutator,getTypeNodes,1471,NO_COVERAGE,none
JSDocInfo.java,com.google.javascript.rhino.JSDocInfo,org.pitest.mutationtest.engine.gregor.mutators.NonVoidMethodCallMutator,getTypeNodes,1473,NO_COVERAGE,none
JSDocInfo.java,com.google.javascript.rhino.JSDocInfo,org.pitest.mutationtest.engine.gregor.mutators.NonVoidMethodCallMutator,getTypeNodes,1473,NO_COVERAGE,none
JSDocInfo.java,com.google.javascript.rhino.JSDocInfo,org.pitest.mutationtest.engine.gregor.mutators.NonVoidMethodCallMutator,getTypeNodes,1481,NO_COVERAGE,none
JSDocInfo.java,com.google.javascript.rhino.JSDocInfo,org.pitest.mutationtest.engine.gregor.mutators.NonVoidMethodCallMutator,getTypeNodes,1481,NO_COVERAGE,none
JSDocInfo.java,com.google.javascript.rhino.JSDocInfo,org.pitest.mutationtest.engine.gregor.mutators.RemoveConditionalMutator_EQUAL_ELSE,getTypeNodes,1445,SURVIVED,none
JSDocInfo.java,com.google.javascript.rhino.JSDocInfo,org.pitest.mutationtest.engine.gregor.mutators.RemoveConditionalMutator_EQUAL_ELSE,getTypeNodes,1449,SURVIVED,none
JSDocInfo.java,com.google.javascript.rhino.JSDocInfo,org.pitest.mutationtest.engine.gregor.mutators.RemoveConditionalMutator_EQUAL_ELSE,getTypeNodes,1453,SURVIVED,none
JSDocInfo.java,com.google.javascript.rhino.JSDocInfo,org.pitest.mutationtest.engine.gregor.mutators.RemoveConditionalMutator_EQUAL_ELSE,getTypeNodes,1454,SURVIVED,none
JSDocInfo.java,com.google.javascript.rhino.JSDocInfo,org.pitest.mutationtest.engine.gregor.mutators.RemoveConditionalMutator_EQUAL_ELSE,getTypeNodes,1458,SURVIVED,none
JSDocInfo.java,com.google.javascript.rhino.JSDocInfo,org.pitest.mutationtest.engine.gregor.mutators.RemoveConditionalMutator_EQUAL_ELSE,getTypeNodes,1464,SURVIVED,none
JSDocInfo.java,com.google.javascript.rhino.JSDocInfo,org.pitest.mutationtest.engine.gregor.mutators.RemoveConditionalMutator_EQUAL_ELSE,getTypeNodes,1470,SURVIVED,none
JSDocInfo.java,com.google.javascript.rhino.JSDocInfo,org.pitest.mutationtest.engine.gregor.mutators.RemoveConditionalMutator_EQUAL_ELSE,getTypeNodes,1472,NO_COVERAGE,none
JSDocInfo.java,com.google.javascript.rhino.JSDocInfo,org.pitest.mutationtest.engine.gregor.mutators.RemoveConditionalMutator_EQUAL_ELSE,getTypeNodes,1478,SURVIVED,none
JSDocInfo.java,com.google.javascript.rhino.JSDocInfo,org.pitest.mutationtest.engine.gregor.mutators.RemoveConditionalMutator_EQUAL_ELSE,getTypeNodes,1480,NO_COVERAGE,none
JSDocInfo.java,com.google.javascript.rhino.JSDocInfo,org.pitest.mutationtest.engine.gregor.mutators.RemoveConditionalMutator_EQUAL_IF,getTypeNodes,1445,KILLED,RegressionTest4.test2075(RegressionTest4)
JSDocInfo.java,com.google.javascript.rhino.JSDocInfo,org.pitest.mutationtest.engine.gregor.mutators.RemoveConditionalMutator_EQUAL_IF,getTypeNodes,1449,KILLED,RegressionTest4.test2075(RegressionTest4)
JSDocInfo.java,com.google.javascript.rhino.JSDocInfo,org.pitest.mutationtest.engine.gregor.mutators.RemoveConditionalMutator_EQUAL_IF,getTypeNodes,1453,KILLED,RegressionTest4.test2075(RegressionTest4)
JSDocInfo.java,com.google.javascript.rhino.JSDocInfo,org.pitest.mutationtest.engine.gregor.mutators.RemoveConditionalMutator_EQUAL_IF,getTypeNodes,1454,KILLED,RegressionTest4.test2009(RegressionTest4)
JSDocInfo.java,com.google.javascript.rhino.JSDocInfo,org.pitest.mutationtest.engine.gregor.mutators.RemoveConditionalMutator_EQUAL_IF,getTypeNodes,1458,KILLED,RegressionTest4.test2009(RegressionTest4)
JSDocInfo.java,com.google.javascript.rhino.JSDocInfo,org.pitest.mutationtest.engine.gregor.mutators.RemoveConditionalMutator_EQUAL_IF,getTypeNodes,1464,KILLED,RegressionTest4.test2009(RegressionTest4)
JSDocInfo.java,com.google.javascript.rhino.JSDocInfo,org.pitest.mutationtest.engine.gregor.mutators.RemoveConditionalMutator_EQUAL_IF,getTypeNodes,1470,KILLED,RegressionTest4.test2009(RegressionTest4)
JSDocInfo.java,com.google.javascript.rhino.JSDocInfo,org.pitest.mutationtest.engine.gregor.mutators.RemoveConditionalMutator_EQUAL_IF,getTypeNodes,1472,NO_COVERAGE,none
JSDocInfo.java,com.google.javascript.rhino.JSDocInfo,org.pitest.mutationtest.engine.gregor.mutators.RemoveConditionalMutator_EQUAL_IF,getTypeNodes,1478,KILLED,RegressionTest4.test2009(RegressionTest4)
JSDocInfo.java,com.google.javascript.rhino.JSDocInfo,org.pitest.mutationtest.engine.gregor.mutators.RemoveConditionalMutator_EQUAL_IF,getTypeNodes,1480,NO_COVERAGE,none
JSDocInfo.java,com.google.javascript.rhino.JSDocInfo,org.pitest.mutationtest.engine.gregor.mutators.ReturnValsMutator,getTypeNodes,1487,KILLED,RegressionTest4.test2075(RegressionTest4)
JSDocInfo.java,com.google.javascript.rhino.JSDocInfo,org.pitest.mutationtest.engine.gregor.mutators.InlineConstantMutator,getTypedefType,1098,SURVIVED,none
JSDocInfo.java,com.google.javascript.rhino.JSDocInfo,org.pitest.mutationtest.engine.gregor.mutators.NonVoidMethodCallMutator,getTypedefType,1098,SURVIVED,none
JSDocInfo.java,com.google.javascript.rhino.JSDocInfo,org.pitest.mutationtest.engine.gregor.mutators.NullReturnValsMutator,getTypedefType,1098,SURVIVED,none
JSDocInfo.java,com.google.javascript.rhino.JSDocInfo,org.pitest.mutationtest.engine.gregor.mutators.ReturnValsMutator,getTypedefType,1098,KILLED,RegressionTest4.test2033(RegressionTest4)
JSDocInfo.java,com.google.javascript.rhino.JSDocInfo,org.pitest.mutationtest.engine.gregor.mutators.EmptyObjectReturnValsMutator,getVersion,1369,KILLED,RegressionTest4.test2003(RegressionTest4)
JSDocInfo.java,com.google.javascript.rhino.JSDocInfo,org.pitest.mutationtest.engine.gregor.mutators.NegateConditionalsMutator,getVersion,1369,KILLED,RegressionTest4.test2003(RegressionTest4)
JSDocInfo.java,com.google.javascript.rhino.JSDocInfo,org.pitest.mutationtest.engine.gregor.mutators.RemoveConditionalMutator_EQUAL_ELSE,getVersion,1369,KILLED,RegressionTest4.test2003(RegressionTest4)
JSDocInfo.java,com.google.javascript.rhino.JSDocInfo,org.pitest.mutationtest.engine.gregor.mutators.RemoveConditionalMutator_EQUAL_IF,getVersion,1369,SURVIVED,none
JSDocInfo.java,com.google.javascript.rhino.JSDocInfo,org.pitest.mutationtest.engine.gregor.mutators.ReturnValsMutator,getVersion,1369,KILLED,RegressionTest4.test2003(RegressionTest4)
JSDocInfo.java,com.google.javascript.rhino.JSDocInfo,org.pitest.mutationtest.engine.gregor.mutators.NullReturnValsMutator,getVisibility,941,KILLED,RegressionTest4.test2043(RegressionTest4)
JSDocInfo.java,com.google.javascript.rhino.JSDocInfo,org.pitest.mutationtest.engine.gregor.mutators.ReturnValsMutator,getVisibility,941,KILLED,RegressionTest4.test2015(RegressionTest4)
JSDocInfo.java,com.google.javascript.rhino.JSDocInfo,org.pitest.mutationtest.engine.gregor.mutators.BooleanTrueReturnValsMutator,hasBaseType,1221,KILLED,RegressionTest4.test2006(RegressionTest4)
JSDocInfo.java,com.google.javascript.rhino.JSDocInfo,org.pitest.mutationtest.engine.gregor.mutators.InlineConstantMutator,hasBaseType,1221,SURVIVED,none
JSDocInfo.java,com.google.javascript.rhino.JSDocInfo,org.pitest.mutationtest.engine.gregor.mutators.InlineConstantMutator,hasBaseType,1221,KILLED,RegressionTest4.test2006(RegressionTest4)
JSDocInfo.java,com.google.javascript.rhino.JSDocInfo,org.pitest.mutationtest.engine.gregor.mutators.NegateConditionalsMutator,hasBaseType,1221,KILLED,RegressionTest4.test2006(RegressionTest4)
JSDocInfo.java,com.google.javascript.rhino.JSDocInfo,org.pitest.mutationtest.engine.gregor.mutators.NonVoidMethodCallMutator,hasBaseType,1221,SURVIVED,none
JSDocInfo.java,com.google.javascript.rhino.JSDocInfo,org.pitest.mutationtest.engine.gregor.mutators.RemoveConditionalMutator_EQUAL_ELSE,hasBaseType,1221,SURVIVED,none
JSDocInfo.java,com.google.javascript.rhino.JSDocInfo,org.pitest.mutationtest.engine.gregor.mutators.RemoveConditionalMutator_EQUAL_IF,hasBaseType,1221,KILLED,RegressionTest4.test2006(RegressionTest4)
JSDocInfo.java,com.google.javascript.rhino.JSDocInfo,org.pitest.mutationtest.engine.gregor.mutators.ReturnValsMutator,hasBaseType,1221,KILLED,RegressionTest4.test2006(RegressionTest4)
JSDocInfo.java,com.google.javascript.rhino.JSDocInfo,org.pitest.mutationtest.engine.gregor.mutators.BooleanFalseReturnValsMutator,hasDescriptionForParameter,1336,NO_COVERAGE,none
JSDocInfo.java,com.google.javascript.rhino.JSDocInfo,org.pitest.mutationtest.engine.gregor.mutators.BooleanTrueReturnValsMutator,hasDescriptionForParameter,1333,KILLED,RegressionTest4.test2025(RegressionTest4)
JSDocInfo.java,com.google.javascript.rhino.JSDocInfo,org.pitest.mutationtest.engine.gregor.mutators.BooleanTrueReturnValsMutator,hasDescriptionForParameter,1336,NO_COVERAGE,none
JSDocInfo.java,com.google.javascript.rhino.JSDocInfo,org.pitest.mutationtest.engine.gregor.mutators.InlineConstantMutator,hasDescriptionForParameter,1333,KILLED,RegressionTest4.test2025(RegressionTest4)
JSDocInfo.java,com.google.javascript.rhino.JSDocInfo,org.pitest.mutationtest.engine.gregor.mutators.NegateConditionalsMutator,hasDescriptionForParameter,1332,KILLED,RegressionTest4.test2025(RegressionTest4)
JSDocInfo.java,com.google.javascript.rhino.JSDocInfo,org.pitest.mutationtest.engine.gregor.mutators.NegateConditionalsMutator,hasDescriptionForParameter,1332,SURVIVED,none
JSDocInfo.java,com.google.javascript.rhino.JSDocInfo,org.pitest.mutationtest.engine.gregor.mutators.NonVoidMethodCallMutator,hasDescriptionForParameter,1336,NO_COVERAGE,none
JSDocInfo.java,com.google.javascript.rhino.JSDocInfo,org.pitest.mutationtest.engine.gregor.mutators.RemoveConditionalMutator_EQUAL_ELSE,hasDescriptionForParameter,1332,SURVIVED,none
JSDocInfo.java,com.google.javascript.rhino.JSDocInfo,org.pitest.mutationtest.engine.gregor.mutators.RemoveConditionalMutator_EQUAL_ELSE,hasDescriptionForParameter,1332,SURVIVED,none
JSDocInfo.java,com.google.javascript.rhino.JSDocInfo,org.pitest.mutationtest.engine.gregor.mutators.RemoveConditionalMutator_EQUAL_IF,hasDescriptionForParameter,1332,KILLED,RegressionTest4.test2025(RegressionTest4)
JSDocInfo.java,com.google.javascript.rhino.JSDocInfo,org.pitest.mutationtest.engine.gregor.mutators.RemoveConditionalMutator_EQUAL_IF,hasDescriptionForParameter,1332,SURVIVED,none
JSDocInfo.java,com.google.javascript.rhino.JSDocInfo,org.pitest.mutationtest.engine.gregor.mutators.ReturnValsMutator,hasDescriptionForParameter,1333,KILLED,RegressionTest4.test2025(RegressionTest4)
JSDocInfo.java,com.google.javascript.rhino.JSDocInfo,org.pitest.mutationtest.engine.gregor.mutators.ReturnValsMutator,hasDescriptionForParameter,1336,NO_COVERAGE,none
JSDocInfo.java,com.google.javascript.rhino.JSDocInfo,org.pitest.mutationtest.engine.gregor.mutators.BooleanFalseReturnValsMutator,hasEnumParameterType,1050,SURVIVED,none
JSDocInfo.java,com.google.javascript.rhino.JSDocInfo,org.pitest.mutationtest.engine.gregor.mutators.BooleanTrueReturnValsMutator,hasEnumParameterType,1050,KILLED,RegressionTest2.test1073(RegressionTest2)
JSDocInfo.java,com.google.javascript.rhino.JSDocInfo,org.pitest.mutationtest.engine.gregor.mutators.InlineConstantMutator,hasEnumParameterType,1050,SURVIVED,none
JSDocInfo.java,com.google.javascript.rhino.JSDocInfo,org.pitest.mutationtest.engine.gregor.mutators.NonVoidMethodCallMutator,hasEnumParameterType,1050,SURVIVED,none
JSDocInfo.java,com.google.javascript.rhino.JSDocInfo,org.pitest.mutationtest.engine.gregor.mutators.ReturnValsMutator,hasEnumParameterType,1050,KILLED,RegressionTest2.test1073(RegressionTest2)
JSDocInfo.java,com.google.javascript.rhino.JSDocInfo,org.pitest.mutationtest.engine.gregor.mutators.BooleanFalseReturnValsMutator,hasFileOverview,1390,SURVIVED,none
JSDocInfo.java,com.google.javascript.rhino.JSDocInfo,org.pitest.mutationtest.engine.gregor.mutators.BooleanTrueReturnValsMutator,hasFileOverview,1390,KILLED,RegressionTest4.test2022(RegressionTest4)
JSDocInfo.java,com.google.javascript.rhino.JSDocInfo,org.pitest.mutationtest.engine.gregor.mutators.InlineConstantMutator,hasFileOverview,1390,SURVIVED,none
JSDocInfo.java,com.google.javascript.rhino.JSDocInfo,org.pitest.mutationtest.engine.gregor.mutators.NonVoidMethodCallMutator,hasFileOverview,1390,SURVIVED,none
JSDocInfo.java,com.google.javascript.rhino.JSDocInfo,org.pitest.mutationtest.engine.gregor.mutators.ReturnValsMutator,hasFileOverview,1390,KILLED,RegressionTest4.test2022(RegressionTest4)
JSDocInfo.java,com.google.javascript.rhino.JSDocInfo,org.pitest.mutationtest.engine.gregor.mutators.BooleanTrueReturnValsMutator,hasModifies,1491,KILLED,RegressionTest4.test2016(RegressionTest4)
JSDocInfo.java,com.google.javascript.rhino.JSDocInfo,org.pitest.mutationtest.engine.gregor.mutators.InlineConstantMutator,hasModifies,1491,SURVIVED,none
JSDocInfo.java,com.google.javascript.rhino.JSDocInfo,org.pitest.mutationtest.engine.gregor.mutators.InlineConstantMutator,hasModifies,1491,KILLED,RegressionTest4.test2016(RegressionTest4)
JSDocInfo.java,com.google.javascript.rhino.JSDocInfo,org.pitest.mutationtest.engine.gregor.mutators.NegateConditionalsMutator,hasModifies,1491,KILLED,RegressionTest4.test2016(RegressionTest4)
JSDocInfo.java,com.google.javascript.rhino.JSDocInfo,org.pitest.mutationtest.engine.gregor.mutators.NegateConditionalsMutator,hasModifies,1491,KILLED,RegressionTest0.test0306(RegressionTest0)
JSDocInfo.java,com.google.javascript.rhino.JSDocInfo,org.pitest.mutationtest.engine.gregor.mutators.RemoveConditionalMutator_EQUAL_ELSE,hasModifies,1491,SURVIVED,none
JSDocInfo.java,com.google.javascript.rhino.JSDocInfo,org.pitest.mutationtest.engine.gregor.mutators.RemoveConditionalMutator_EQUAL_ELSE,hasModifies,1491,SURVIVED,none
JSDocInfo.java,com.google.javascript.rhino.JSDocInfo,org.pitest.mutationtest.engine.gregor.mutators.RemoveConditionalMutator_EQUAL_IF,hasModifies,1491,KILLED,RegressionTest4.test2016(RegressionTest4)
JSDocInfo.java,com.google.javascript.rhino.JSDocInfo,org.pitest.mutationtest.engine.gregor.mutators.RemoveConditionalMutator_EQUAL_IF,hasModifies,1491,KILLED,RegressionTest0.test0306(RegressionTest0)
JSDocInfo.java,com.google.javascript.rhino.JSDocInfo,org.pitest.mutationtest.engine.gregor.mutators.ReturnValsMutator,hasModifies,1491,KILLED,RegressionTest4.test2016(RegressionTest4)
JSDocInfo.java,com.google.javascript.rhino.JSDocInfo,org.pitest.mutationtest.engine.gregor.mutators.BooleanFalseReturnValsMutator,hasParameter,964,NO_COVERAGE,none
JSDocInfo.java,com.google.javascript.rhino.JSDocInfo,org.pitest.mutationtest.engine.gregor.mutators.BooleanTrueReturnValsMutator,hasParameter,962,KILLED,RegressionTest4.test2006(RegressionTest4)
JSDocInfo.java,com.google.javascript.rhino.JSDocInfo,org.pitest.mutationtest.engine.gregor.mutators.BooleanTrueReturnValsMutator,hasParameter,964,NO_COVERAGE,none
JSDocInfo.java,com.google.javascript.rhino.JSDocInfo,org.pitest.mutationtest.engine.gregor.mutators.InlineConstantMutator,hasParameter,962,KILLED,RegressionTest4.test2006(RegressionTest4)
JSDocInfo.java,com.google.javascript.rhino.JSDocInfo,org.pitest.mutationtest.engine.gregor.mutators.NegateConditionalsMutator,hasParameter,961,KILLED,RegressionTest4.test2006(RegressionTest4)
JSDocInfo.java,com.google.javascript.rhino.JSDocInfo,org.pitest.mutationtest.engine.gregor.mutators.NegateConditionalsMutator,hasParameter,961,KILLED,RegressionTest2.test1051(RegressionTest2)
JSDocInfo.java,com.google.javascript.rhino.JSDocInfo,org.pitest.mutationtest.engine.gregor.mutators.NonVoidMethodCallMutator,hasParameter,964,NO_COVERAGE,none
JSDocInfo.java,com.google.javascript.rhino.JSDocInfo,org.pitest.mutationtest.engine.gregor.mutators.RemoveConditionalMutator_EQUAL_ELSE,hasParameter,961,SURVIVED,none
JSDocInfo.java,com.google.javascript.rhino.JSDocInfo,org.pitest.mutationtest.engine.gregor.mutators.RemoveConditionalMutator_EQUAL_ELSE,hasParameter,961,KILLED,RegressionTest2.test1051(RegressionTest2)
JSDocInfo.java,com.google.javascript.rhino.JSDocInfo,org.pitest.mutationtest.engine.gregor.mutators.RemoveConditionalMutator_EQUAL_IF,hasParameter,961,KILLED,RegressionTest4.test2006(RegressionTest4)
JSDocInfo.java,com.google.javascript.rhino.JSDocInfo,org.pitest.mutationtest.engine.gregor.mutators.RemoveConditionalMutator_EQUAL_IF,hasParameter,961,SURVIVED,none
JSDocInfo.java,com.google.javascript.rhino.JSDocInfo,org.pitest.mutationtest.engine.gregor.mutators.ReturnValsMutator,hasParameter,962,KILLED,RegressionTest4.test2006(RegressionTest4)
JSDocInfo.java,com.google.javascript.rhino.JSDocInfo,org.pitest.mutationtest.engine.gregor.mutators.ReturnValsMutator,hasParameter,964,NO_COVERAGE,none
JSDocInfo.java,com.google.javascript.rhino.JSDocInfo,org.pitest.mutationtest.engine.gregor.mutators.BooleanTrueReturnValsMutator,hasParameterType,974,KILLED,RegressionTest4.test2025(RegressionTest4)
JSDocInfo.java,com.google.javascript.rhino.JSDocInfo,org.pitest.mutationtest.engine.gregor.mutators.InlineConstantMutator,hasParameterType,974,SURVIVED,none
JSDocInfo.java,com.google.javascript.rhino.JSDocInfo,org.pitest.mutationtest.engine.gregor.mutators.InlineConstantMutator,hasParameterType,974,KILLED,RegressionTest4.test2025(RegressionTest4)
JSDocInfo.java,com.google.javascript.rhino.JSDocInfo,org.pitest.mutationtest.engine.gregor.mutators.NegateConditionalsMutator,hasParameterType,974,KILLED,RegressionTest4.test2025(RegressionTest4)
JSDocInfo.java,com.google.javascript.rhino.JSDocInfo,org.pitest.mutationtest.engine.gregor.mutators.NonVoidMethodCallMutator,hasParameterType,974,SURVIVED,none
JSDocInfo.java,com.google.javascript.rhino.JSDocInfo,org.pitest.mutationtest.engine.gregor.mutators.RemoveConditionalMutator_EQUAL_ELSE,hasParameterType,974,SURVIVED,none
JSDocInfo.java,com.google.javascript.rhino.JSDocInfo,org.pitest.mutationtest.engine.gregor.mutators.RemoveConditionalMutator_EQUAL_IF,hasParameterType,974,KILLED,RegressionTest4.test2025(RegressionTest4)
JSDocInfo.java,com.google.javascript.rhino.JSDocInfo,org.pitest.mutationtest.engine.gregor.mutators.ReturnValsMutator,hasParameterType,974,KILLED,RegressionTest4.test2025(RegressionTest4)
JSDocInfo.java,com.google.javascript.rhino.JSDocInfo,org.pitest.mutationtest.engine.gregor.mutators.BooleanFalseReturnValsMutator,hasReturnType,1066,SURVIVED,none
JSDocInfo.java,com.google.javascript.rhino.JSDocInfo,org.pitest.mutationtest.engine.gregor.mutators.BooleanTrueReturnValsMutator,hasReturnType,1066,KILLED,RegressionTest4.test2012(RegressionTest4)
JSDocInfo.java,com.google.javascript.rhino.JSDocInfo,org.pitest.mutationtest.engine.gregor.mutators.InlineConstantMutator,hasReturnType,1066,SURVIVED,none
JSDocInfo.java,com.google.javascript.rhino.JSDocInfo,org.pitest.mutationtest.engine.gregor.mutators.NonVoidMethodCallMutator,hasReturnType,1066,SURVIVED,none
JSDocInfo.java,com.google.javascript.rhino.JSDocInfo,org.pitest.mutationtest.engine.gregor.mutators.ReturnValsMutator,hasReturnType,1066,KILLED,RegressionTest4.test2012(RegressionTest4)
JSDocInfo.java,com.google.javascript.rhino.JSDocInfo,org.pitest.mutationtest.engine.gregor.mutators.BooleanTrueReturnValsMutator,hasThisType,1128,KILLED,RegressionTest3.test1525(RegressionTest3)
JSDocInfo.java,com.google.javascript.rhino.JSDocInfo,org.pitest.mutationtest.engine.gregor.mutators.InlineConstantMutator,hasThisType,1128,SURVIVED,none
JSDocInfo.java,com.google.javascript.rhino.JSDocInfo,org.pitest.mutationtest.engine.gregor.mutators.InlineConstantMutator,hasThisType,1128,KILLED,RegressionTest3.test1525(RegressionTest3)
JSDocInfo.java,com.google.javascript.rhino.JSDocInfo,org.pitest.mutationtest.engine.gregor.mutators.NegateConditionalsMutator,hasThisType,1128,KILLED,RegressionTest3.test1525(RegressionTest3)
JSDocInfo.java,com.google.javascript.rhino.JSDocInfo,org.pitest.mutationtest.engine.gregor.mutators.RemoveConditionalMutator_EQUAL_ELSE,hasThisType,1128,SURVIVED,none
JSDocInfo.java,com.google.javascript.rhino.JSDocInfo,org.pitest.mutationtest.engine.gregor.mutators.RemoveConditionalMutator_EQUAL_IF,hasThisType,1128,KILLED,RegressionTest3.test1525(RegressionTest3)
JSDocInfo.java,com.google.javascript.rhino.JSDocInfo,org.pitest.mutationtest.engine.gregor.mutators.ReturnValsMutator,hasThisType,1128,KILLED,RegressionTest3.test1525(RegressionTest3)
JSDocInfo.java,com.google.javascript.rhino.JSDocInfo,org.pitest.mutationtest.engine.gregor.mutators.BooleanFalseReturnValsMutator,hasType,1042,SURVIVED,none
JSDocInfo.java,com.google.javascript.rhino.JSDocInfo,org.pitest.mutationtest.engine.gregor.mutators.BooleanTrueReturnValsMutator,hasType,1042,KILLED,RegressionTest4.test2012(RegressionTest4)
JSDocInfo.java,com.google.javascript.rhino.JSDocInfo,org.pitest.mutationtest.engine.gregor.mutators.InlineConstantMutator,hasType,1042,SURVIVED,none
JSDocInfo.java,com.google.javascript.rhino.JSDocInfo,org.pitest.mutationtest.engine.gregor.mutators.NonVoidMethodCallMutator,hasType,1042,SURVIVED,none
JSDocInfo.java,com.google.javascript.rhino.JSDocInfo,org.pitest.mutationtest.engine.gregor.mutators.ReturnValsMutator,hasType,1042,KILLED,RegressionTest4.test2012(RegressionTest4)
JSDocInfo.java,com.google.javascript.rhino.JSDocInfo,org.pitest.mutationtest.engine.gregor.mutators.BooleanTrueReturnValsMutator,hasType,1070,KILLED,RegressionTest4.test2012(RegressionTest4)
JSDocInfo.java,com.google.javascript.rhino.JSDocInfo,org.pitest.mutationtest.engine.gregor.mutators.InlineConstantMutator,hasType,1070,SURVIVED,none
JSDocInfo.java,com.google.javascript.rhino.JSDocInfo,org.pitest.mutationtest.engine.gregor.mutators.InlineConstantMutator,hasType,1070,SURVIVED,none
JSDocInfo.java,com.google.javascript.rhino.JSDocInfo,org.pitest.mutationtest.engine.gregor.mutators.InlineConstantMutator,hasType,1070,KILLED,RegressionTest4.test2012(RegressionTest4)
JSDocInfo.java,com.google.javascript.rhino.JSDocInfo,org.pitest.mutationtest.engine.gregor.mutators.MathMutator,hasType,1070,SURVIVED,none
JSDocInfo.java,com.google.javascript.rhino.JSDocInfo,org.pitest.mutationtest.engine.gregor.mutators.NegateConditionalsMutator,hasType,1070,KILLED,RegressionTest4.test2012(RegressionTest4)
JSDocInfo.java,com.google.javascript.rhino.JSDocInfo,org.pitest.mutationtest.engine.gregor.mutators.RemoveConditionalMutator_EQUAL_ELSE,hasType,1070,SURVIVED,none
JSDocInfo.java,com.google.javascript.rhino.JSDocInfo,org.pitest.mutationtest.engine.gregor.mutators.RemoveConditionalMutator_EQUAL_IF,hasType,1070,KILLED,RegressionTest4.test2012(RegressionTest4)
JSDocInfo.java,com.google.javascript.rhino.JSDocInfo,org.pitest.mutationtest.engine.gregor.mutators.ReturnValsMutator,hasType,1070,KILLED,RegressionTest4.test2012(RegressionTest4)
JSDocInfo.java,com.google.javascript.rhino.JSDocInfo,org.pitest.mutationtest.engine.gregor.mutators.BooleanFalseReturnValsMutator,hasTypedefType,1058,SURVIVED,none
JSDocInfo.java,com.google.javascript.rhino.JSDocInfo,org.pitest.mutationtest.engine.gregor.mutators.BooleanTrueReturnValsMutator,hasTypedefType,1058,KILLED,RegressionTest4.test2066(RegressionTest4)
JSDocInfo.java,com.google.javascript.rhino.JSDocInfo,org.pitest.mutationtest.engine.gregor.mutators.InlineConstantMutator,hasTypedefType,1058,SURVIVED,none
JSDocInfo.java,com.google.javascript.rhino.JSDocInfo,org.pitest.mutationtest.engine.gregor.mutators.NonVoidMethodCallMutator,hasTypedefType,1058,SURVIVED,none
JSDocInfo.java,com.google.javascript.rhino.JSDocInfo,org.pitest.mutationtest.engine.gregor.mutators.ReturnValsMutator,hasTypedefType,1058,KILLED,RegressionTest4.test2066(RegressionTest4)
JSDocInfo.java,com.google.javascript.rhino.JSDocInfo,org.pitest.mutationtest.engine.gregor.mutators.BooleanFalseReturnValsMutator,isConsistentIdGenerator,434,SURVIVED,none
JSDocInfo.java,com.google.javascript.rhino.JSDocInfo,org.pitest.mutationtest.engine.gregor.mutators.BooleanTrueReturnValsMutator,isConsistentIdGenerator,434,KILLED,RegressionTest4.test2012(RegressionTest4)
JSDocInfo.java,com.google.javascript.rhino.JSDocInfo,org.pitest.mutationtest.engine.gregor.mutators.InlineConstantMutator,isConsistentIdGenerator,434,SURVIVED,none
JSDocInfo.java,com.google.javascript.rhino.JSDocInfo,org.pitest.mutationtest.engine.gregor.mutators.NonVoidMethodCallMutator,isConsistentIdGenerator,434,SURVIVED,none
JSDocInfo.java,com.google.javascript.rhino.JSDocInfo,org.pitest.mutationtest.engine.gregor.mutators.ReturnValsMutator,isConsistentIdGenerator,434,KILLED,RegressionTest4.test2012(RegressionTest4)
JSDocInfo.java,com.google.javascript.rhino.JSDocInfo,org.pitest.mutationtest.engine.gregor.mutators.BooleanTrueReturnValsMutator,isConstant,442,KILLED,RegressionTest4.test2062(RegressionTest4)
JSDocInfo.java,com.google.javascript.rhino.JSDocInfo,org.pitest.mutationtest.engine.gregor.mutators.InlineConstantMutator,isConstant,442,SURVIVED,none
JSDocInfo.java,com.google.javascript.rhino.JSDocInfo,org.pitest.mutationtest.engine.gregor.mutators.InlineConstantMutator,isConstant,442,SURVIVED,none
JSDocInfo.java,com.google.javascript.rhino.JSDocInfo,org.pitest.mutationtest.engine.gregor.mutators.InlineConstantMutator,isConstant,442,KILLED,RegressionTest4.test2062(RegressionTest4)
JSDocInfo.java,com.google.javascript.rhino.JSDocInfo,org.pitest.mutationtest.engine.gregor.mutators.NegateConditionalsMutator,isConstant,442,KILLED,RegressionTest4.test2062(RegressionTest4)
JSDocInfo.java,com.google.javascript.rhino.JSDocInfo,org.pitest.mutationtest.engine.gregor.mutators.NegateConditionalsMutator,isConstant,442,KILLED,RegressionTest4.test2062(RegressionTest4)
JSDocInfo.java,com.google.javascript.rhino.JSDocInfo,org.pitest.mutationtest.engine.gregor.mutators.NonVoidMethodCallMutator,isConstant,442,SURVIVED,none
JSDocInfo.java,com.google.javascript.rhino.JSDocInfo,org.pitest.mutationtest.engine.gregor.mutators.NonVoidMethodCallMutator,isConstant,442,SURVIVED,none
JSDocInfo.java,com.google.javascript.rhino.JSDocInfo,org.pitest.mutationtest.engine.gregor.mutators.RemoveConditionalMutator_EQUAL_ELSE,isConstant,442,KILLED,RegressionTest4.test2062(RegressionTest4)
JSDocInfo.java,com.google.javascript.rhino.JSDocInfo,org.pitest.mutationtest.engine.gregor.mutators.RemoveConditionalMutator_EQUAL_ELSE,isConstant,442,SURVIVED,none
JSDocInfo.java,com.google.javascript.rhino.JSDocInfo,org.pitest.mutationtest.engine.gregor.mutators.RemoveConditionalMutator_EQUAL_IF,isConstant,442,SURVIVED,none
JSDocInfo.java,com.google.javascript.rhino.JSDocInfo,org.pitest.mutationtest.engine.gregor.mutators.RemoveConditionalMutator_EQUAL_IF,isConstant,442,KILLED,RegressionTest4.test2062(RegressionTest4)
JSDocInfo.java,com.google.javascript.rhino.JSDocInfo,org.pitest.mutationtest.engine.gregor.mutators.ReturnValsMutator,isConstant,442,KILLED,RegressionTest4.test2062(RegressionTest4)
JSDocInfo.java,com.google.javascript.rhino.JSDocInfo,org.pitest.mutationtest.engine.gregor.mutators.BooleanFalseReturnValsMutator,isConstructor,450,SURVIVED,none
JSDocInfo.java,com.google.javascript.rhino.JSDocInfo,org.pitest.mutationtest.engine.gregor.mutators.BooleanTrueReturnValsMutator,isConstructor,450,KILLED,RegressionTest4.test2095(RegressionTest4)
JSDocInfo.java,com.google.javascript.rhino.JSDocInfo,org.pitest.mutationtest.engine.gregor.mutators.InlineConstantMutator,isConstructor,450,SURVIVED,none
JSDocInfo.java,com.google.javascript.rhino.JSDocInfo,org.pitest.mutationtest.engine.gregor.mutators.NonVoidMethodCallMutator,isConstructor,450,SURVIVED,none
JSDocInfo.java,com.google.javascript.rhino.JSDocInfo,org.pitest.mutationtest.engine.gregor.mutators.ReturnValsMutator,isConstructor,450,KILLED,RegressionTest4.test2095(RegressionTest4)
JSDocInfo.java,com.google.javascript.rhino.JSDocInfo,org.pitest.mutationtest.engine.gregor.mutators.BooleanFalseReturnValsMutator,isDefine,459,SURVIVED,none
JSDocInfo.java,com.google.javascript.rhino.JSDocInfo,org.pitest.mutationtest.engine.gregor.mutators.BooleanTrueReturnValsMutator,isDefine,459,KILLED,RegressionTest4.test2062(RegressionTest4)
JSDocInfo.java,com.google.javascript.rhino.JSDocInfo,org.pitest.mutationtest.engine.gregor.mutators.InlineConstantMutator,isDefine,459,SURVIVED,none
JSDocInfo.java,com.google.javascript.rhino.JSDocInfo,org.pitest.mutationtest.engine.gregor.mutators.NonVoidMethodCallMutator,isDefine,459,SURVIVED,none
JSDocInfo.java,com.google.javascript.rhino.JSDocInfo,org.pitest.mutationtest.engine.gregor.mutators.ReturnValsMutator,isDefine,459,KILLED,RegressionTest4.test2062(RegressionTest4)
JSDocInfo.java,com.google.javascript.rhino.JSDocInfo,org.pitest.mutationtest.engine.gregor.mutators.BooleanFalseReturnValsMutator,isDeprecated,507,SURVIVED,none
JSDocInfo.java,com.google.javascript.rhino.JSDocInfo,org.pitest.mutationtest.engine.gregor.mutators.BooleanTrueReturnValsMutator,isDeprecated,507,KILLED,RegressionTest4.test2062(RegressionTest4)
JSDocInfo.java,com.google.javascript.rhino.JSDocInfo,org.pitest.mutationtest.engine.gregor.mutators.InlineConstantMutator,isDeprecated,507,SURVIVED,none
JSDocInfo.java,com.google.javascript.rhino.JSDocInfo,org.pitest.mutationtest.engine.gregor.mutators.NonVoidMethodCallMutator,isDeprecated,507,SURVIVED,none
JSDocInfo.java,com.google.javascript.rhino.JSDocInfo,org.pitest.mutationtest.engine.gregor.mutators.ReturnValsMutator,isDeprecated,507,KILLED,RegressionTest4.test2062(RegressionTest4)
JSDocInfo.java,com.google.javascript.rhino.JSDocInfo,org.pitest.mutationtest.engine.gregor.mutators.BooleanFalseReturnValsMutator,isExport,523,SURVIVED,none
JSDocInfo.java,com.google.javascript.rhino.JSDocInfo,org.pitest.mutationtest.engine.gregor.mutators.BooleanTrueReturnValsMutator,isExport,523,KILLED,RegressionTest4.test2033(RegressionTest4)
JSDocInfo.java,com.google.javascript.rhino.JSDocInfo,org.pitest.mutationtest.engine.gregor.mutators.InlineConstantMutator,isExport,523,SURVIVED,none
JSDocInfo.java,com.google.javascript.rhino.JSDocInfo,org.pitest.mutationtest.engine.gregor.mutators.NonVoidMethodCallMutator,isExport,523,SURVIVED,none
JSDocInfo.java,com.google.javascript.rhino.JSDocInfo,org.pitest.mutationtest.engine.gregor.mutators.ReturnValsMutator,isExport,523,KILLED,RegressionTest4.test2033(RegressionTest4)
JSDocInfo.java,com.google.javascript.rhino.JSDocInfo,org.pitest.mutationtest.engine.gregor.mutators.BooleanFalseReturnValsMutator,isExpose,531,SURVIVED,none
JSDocInfo.java,com.google.javascript.rhino.JSDocInfo,org.pitest.mutationtest.engine.gregor.mutators.BooleanTrueReturnValsMutator,isExpose,531,KILLED,RegressionTest4.test2025(RegressionTest4)
JSDocInfo.java,com.google.javascript.rhino.JSDocInfo,org.pitest.mutationtest.engine.gregor.mutators.InlineConstantMutator,isExpose,531,SURVIVED,none
JSDocInfo.java,com.google.javascript.rhino.JSDocInfo,org.pitest.mutationtest.engine.gregor.mutators.NonVoidMethodCallMutator,isExpose,531,SURVIVED,none
JSDocInfo.java,com.google.javascript.rhino.JSDocInfo,org.pitest.mutationtest.engine.gregor.mutators.ReturnValsMutator,isExpose,531,KILLED,RegressionTest4.test2025(RegressionTest4)
JSDocInfo.java,com.google.javascript.rhino.JSDocInfo,org.pitest.mutationtest.engine.gregor.mutators.BooleanFalseReturnValsMutator,isExterns,571,SURVIVED,none
JSDocInfo.java,com.google.javascript.rhino.JSDocInfo,org.pitest.mutationtest.engine.gregor.mutators.BooleanTrueReturnValsMutator,isExterns,571,KILLED,RegressionTest4.test2031(RegressionTest4)
JSDocInfo.java,com.google.javascript.rhino.JSDocInfo,org.pitest.mutationtest.engine.gregor.mutators.InlineConstantMutator,isExterns,571,SURVIVED,none
JSDocInfo.java,com.google.javascript.rhino.JSDocInfo,org.pitest.mutationtest.engine.gregor.mutators.NonVoidMethodCallMutator,isExterns,571,SURVIVED,none
JSDocInfo.java,com.google.javascript.rhino.JSDocInfo,org.pitest.mutationtest.engine.gregor.mutators.ReturnValsMutator,isExterns,571,KILLED,RegressionTest4.test2031(RegressionTest4)
JSDocInfo.java,com.google.javascript.rhino.JSDocInfo,org.pitest.mutationtest.engine.gregor.mutators.BooleanFalseReturnValsMutator,isHidden,467,SURVIVED,none
JSDocInfo.java,com.google.javascript.rhino.JSDocInfo,org.pitest.mutationtest.engine.gregor.mutators.BooleanTrueReturnValsMutator,isHidden,467,KILLED,RegressionTest4.test2037(RegressionTest4)
JSDocInfo.java,com.google.javascript.rhino.JSDocInfo,org.pitest.mutationtest.engine.gregor.mutators.InlineConstantMutator,isHidden,467,SURVIVED,none
JSDocInfo.java,com.google.javascript.rhino.JSDocInfo,org.pitest.mutationtest.engine.gregor.mutators.NonVoidMethodCallMutator,isHidden,467,SURVIVED,none
JSDocInfo.java,com.google.javascript.rhino.JSDocInfo,org.pitest.mutationtest.engine.gregor.mutators.ReturnValsMutator,isHidden,467,KILLED,RegressionTest4.test2037(RegressionTest4)
JSDocInfo.java,com.google.javascript.rhino.JSDocInfo,org.pitest.mutationtest.engine.gregor.mutators.BooleanFalseReturnValsMutator,isIdGenerator,547,SURVIVED,none
JSDocInfo.java,com.google.javascript.rhino.JSDocInfo,org.pitest.mutationtest.engine.gregor.mutators.BooleanTrueReturnValsMutator,isIdGenerator,547,KILLED,RegressionTest4.test2022(RegressionTest4)
JSDocInfo.java,com.google.javascript.rhino.JSDocInfo,org.pitest.mutationtest.engine.gregor.mutators.InlineConstantMutator,isIdGenerator,547,SURVIVED,none
JSDocInfo.java,com.google.javascript.rhino.JSDocInfo,org.pitest.mutationtest.engine.gregor.mutators.NonVoidMethodCallMutator,isIdGenerator,547,SURVIVED,none
JSDocInfo.java,com.google.javascript.rhino.JSDocInfo,org.pitest.mutationtest.engine.gregor.mutators.ReturnValsMutator,isIdGenerator,547,KILLED,RegressionTest4.test2022(RegressionTest4)
JSDocInfo.java,com.google.javascript.rhino.JSDocInfo,org.pitest.mutationtest.engine.gregor.mutators.BooleanFalseReturnValsMutator,isImplicitCast,555,SURVIVED,none
JSDocInfo.java,com.google.javascript.rhino.JSDocInfo,org.pitest.mutationtest.engine.gregor.mutators.BooleanTrueReturnValsMutator,isImplicitCast,555,KILLED,RegressionTest4.test2012(RegressionTest4)
JSDocInfo.java,com.google.javascript.rhino.JSDocInfo,org.pitest.mutationtest.engine.gregor.mutators.InlineConstantMutator,isImplicitCast,555,SURVIVED,none
JSDocInfo.java,com.google.javascript.rhino.JSDocInfo,org.pitest.mutationtest.engine.gregor.mutators.NonVoidMethodCallMutator,isImplicitCast,555,SURVIVED,none
JSDocInfo.java,com.google.javascript.rhino.JSDocInfo,org.pitest.mutationtest.engine.gregor.mutators.ReturnValsMutator,isImplicitCast,555,KILLED,RegressionTest4.test2012(RegressionTest4)
JSDocInfo.java,com.google.javascript.rhino.JSDocInfo,org.pitest.mutationtest.engine.gregor.mutators.BooleanFalseReturnValsMutator,isInterface,515,SURVIVED,none
JSDocInfo.java,com.google.javascript.rhino.JSDocInfo,org.pitest.mutationtest.engine.gregor.mutators.BooleanTrueReturnValsMutator,isInterface,515,KILLED,RegressionTest4.test2025(RegressionTest4)
JSDocInfo.java,com.google.javascript.rhino.JSDocInfo,org.pitest.mutationtest.engine.gregor.mutators.InlineConstantMutator,isInterface,515,SURVIVED,none
JSDocInfo.java,com.google.javascript.rhino.JSDocInfo,org.pitest.mutationtest.engine.gregor.mutators.NonVoidMethodCallMutator,isInterface,515,SURVIVED,none
JSDocInfo.java,com.google.javascript.rhino.JSDocInfo,org.pitest.mutationtest.engine.gregor.mutators.ReturnValsMutator,isInterface,515,KILLED,RegressionTest4.test2025(RegressionTest4)
JSDocInfo.java,com.google.javascript.rhino.JSDocInfo,org.pitest.mutationtest.engine.gregor.mutators.BooleanFalseReturnValsMutator,isJavaDispatch,579,SURVIVED,none
JSDocInfo.java,com.google.javascript.rhino.JSDocInfo,org.pitest.mutationtest.engine.gregor.mutators.BooleanTrueReturnValsMutator,isJavaDispatch,579,KILLED,RegressionTest4.test2022(RegressionTest4)
JSDocInfo.java,com.google.javascript.rhino.JSDocInfo,org.pitest.mutationtest.engine.gregor.mutators.InlineConstantMutator,isJavaDispatch,579,SURVIVED,none
JSDocInfo.java,com.google.javascript.rhino.JSDocInfo,org.pitest.mutationtest.engine.gregor.mutators.NonVoidMethodCallMutator,isJavaDispatch,579,SURVIVED,none
JSDocInfo.java,com.google.javascript.rhino.JSDocInfo,org.pitest.mutationtest.engine.gregor.mutators.ReturnValsMutator,isJavaDispatch,579,KILLED,RegressionTest4.test2022(RegressionTest4)
JSDocInfo.java,com.google.javascript.rhino.JSDocInfo,org.pitest.mutationtest.engine.gregor.mutators.BooleanFalseReturnValsMutator,isNoAlias,499,SURVIVED,none
JSDocInfo.java,com.google.javascript.rhino.JSDocInfo,org.pitest.mutationtest.engine.gregor.mutators.BooleanTrueReturnValsMutator,isNoAlias,499,KILLED,RegressionTest4.test2027(RegressionTest4)
JSDocInfo.java,com.google.javascript.rhino.JSDocInfo,org.pitest.mutationtest.engine.gregor.mutators.InlineConstantMutator,isNoAlias,499,SURVIVED,none
JSDocInfo.java,com.google.javascript.rhino.JSDocInfo,org.pitest.mutationtest.engine.gregor.mutators.NonVoidMethodCallMutator,isNoAlias,499,SURVIVED,none
JSDocInfo.java,com.google.javascript.rhino.JSDocInfo,org.pitest.mutationtest.engine.gregor.mutators.ReturnValsMutator,isNoAlias,499,KILLED,RegressionTest4.test2027(RegressionTest4)
JSDocInfo.java,com.google.javascript.rhino.JSDocInfo,org.pitest.mutationtest.engine.gregor.mutators.BooleanFalseReturnValsMutator,isNoCompile,587,SURVIVED,none
JSDocInfo.java,com.google.javascript.rhino.JSDocInfo,org.pitest.mutationtest.engine.gregor.mutators.BooleanTrueReturnValsMutator,isNoCompile,587,KILLED,RegressionTest4.test2010(RegressionTest4)
JSDocInfo.java,com.google.javascript.rhino.JSDocInfo,org.pitest.mutationtest.engine.gregor.mutators.InlineConstantMutator,isNoCompile,587,SURVIVED,none
JSDocInfo.java,com.google.javascript.rhino.JSDocInfo,org.pitest.mutationtest.engine.gregor.mutators.NonVoidMethodCallMutator,isNoCompile,587,SURVIVED,none
JSDocInfo.java,com.google.javascript.rhino.JSDocInfo,org.pitest.mutationtest.engine.gregor.mutators.ReturnValsMutator,isNoCompile,587,KILLED,RegressionTest4.test2010(RegressionTest4)
JSDocInfo.java,com.google.javascript.rhino.JSDocInfo,org.pitest.mutationtest.engine.gregor.mutators.BooleanFalseReturnValsMutator,isNoShadow,539,SURVIVED,none
JSDocInfo.java,com.google.javascript.rhino.JSDocInfo,org.pitest.mutationtest.engine.gregor.mutators.BooleanTrueReturnValsMutator,isNoShadow,539,KILLED,RegressionTest4.test2012(RegressionTest4)
JSDocInfo.java,com.google.javascript.rhino.JSDocInfo,org.pitest.mutationtest.engine.gregor.mutators.InlineConstantMutator,isNoShadow,539,SURVIVED,none
JSDocInfo.java,com.google.javascript.rhino.JSDocInfo,org.pitest.mutationtest.engine.gregor.mutators.NonVoidMethodCallMutator,isNoShadow,539,SURVIVED,none
JSDocInfo.java,com.google.javascript.rhino.JSDocInfo,org.pitest.mutationtest.engine.gregor.mutators.ReturnValsMutator,isNoShadow,539,KILLED,RegressionTest4.test2012(RegressionTest4)
JSDocInfo.java,com.google.javascript.rhino.JSDocInfo,org.pitest.mutationtest.engine.gregor.mutators.BooleanFalseReturnValsMutator,isNoSideEffects,563,SURVIVED,none
JSDocInfo.java,com.google.javascript.rhino.JSDocInfo,org.pitest.mutationtest.engine.gregor.mutators.BooleanTrueReturnValsMutator,isNoSideEffects,563,KILLED,RegressionTest4.test2006(RegressionTest4)
JSDocInfo.java,com.google.javascript.rhino.JSDocInfo,org.pitest.mutationtest.engine.gregor.mutators.InlineConstantMutator,isNoSideEffects,563,SURVIVED,none
JSDocInfo.java,com.google.javascript.rhino.JSDocInfo,org.pitest.mutationtest.engine.gregor.mutators.NonVoidMethodCallMutator,isNoSideEffects,563,SURVIVED,none
JSDocInfo.java,com.google.javascript.rhino.JSDocInfo,org.pitest.mutationtest.engine.gregor.mutators.ReturnValsMutator,isNoSideEffects,563,KILLED,RegressionTest4.test2006(RegressionTest4)
JSDocInfo.java,com.google.javascript.rhino.JSDocInfo,org.pitest.mutationtest.engine.gregor.mutators.BooleanFalseReturnValsMutator,isNoTypeCheck,475,SURVIVED,none
JSDocInfo.java,com.google.javascript.rhino.JSDocInfo,org.pitest.mutationtest.engine.gregor.mutators.BooleanTrueReturnValsMutator,isNoTypeCheck,475,KILLED,RegressionTest4.test2014(RegressionTest4)
JSDocInfo.java,com.google.javascript.rhino.JSDocInfo,org.pitest.mutationtest.engine.gregor.mutators.InlineConstantMutator,isNoTypeCheck,475,SURVIVED,none
JSDocInfo.java,com.google.javascript.rhino.JSDocInfo,org.pitest.mutationtest.engine.gregor.mutators.NonVoidMethodCallMutator,isNoTypeCheck,475,SURVIVED,none
JSDocInfo.java,com.google.javascript.rhino.JSDocInfo,org.pitest.mutationtest.engine.gregor.mutators.ReturnValsMutator,isNoTypeCheck,475,KILLED,RegressionTest4.test2014(RegressionTest4)
JSDocInfo.java,com.google.javascript.rhino.JSDocInfo,org.pitest.mutationtest.engine.gregor.mutators.BooleanFalseReturnValsMutator,isOverride,491,SURVIVED,none
JSDocInfo.java,com.google.javascript.rhino.JSDocInfo,org.pitest.mutationtest.engine.gregor.mutators.BooleanTrueReturnValsMutator,isOverride,491,KILLED,RegressionTest4.test2043(RegressionTest4)
JSDocInfo.java,com.google.javascript.rhino.JSDocInfo,org.pitest.mutationtest.engine.gregor.mutators.InlineConstantMutator,isOverride,491,SURVIVED,none
JSDocInfo.java,com.google.javascript.rhino.JSDocInfo,org.pitest.mutationtest.engine.gregor.mutators.NonVoidMethodCallMutator,isOverride,491,SURVIVED,none
JSDocInfo.java,com.google.javascript.rhino.JSDocInfo,org.pitest.mutationtest.engine.gregor.mutators.ReturnValsMutator,isOverride,491,KILLED,RegressionTest4.test2043(RegressionTest4)
JSDocInfo.java,com.google.javascript.rhino.JSDocInfo,org.pitest.mutationtest.engine.gregor.mutators.BooleanFalseReturnValsMutator,lazyInitDocumentation,640,NO_COVERAGE,none
JSDocInfo.java,com.google.javascript.rhino.JSDocInfo,org.pitest.mutationtest.engine.gregor.mutators.BooleanTrueReturnValsMutator,lazyInitDocumentation,633,NO_COVERAGE,none
JSDocInfo.java,com.google.javascript.rhino.JSDocInfo,org.pitest.mutationtest.engine.gregor.mutators.ConstructorCallMutator,lazyInitDocumentation,637,NO_COVERAGE,none
JSDocInfo.java,com.google.javascript.rhino.JSDocInfo,org.pitest.mutationtest.engine.gregor.mutators.InlineConstantMutator,lazyInitDocumentation,633,NO_COVERAGE,none
JSDocInfo.java,com.google.javascript.rhino.JSDocInfo,org.pitest.mutationtest.engine.gregor.mutators.InlineConstantMutator,lazyInitDocumentation,640,NO_COVERAGE,none
JSDocInfo.java,com.google.javascript.rhino.JSDocInfo,org.pitest.mutationtest.engine.gregor.mutators.NegateConditionalsMutator,lazyInitDocumentation,632,NO_COVERAGE,none
JSDocInfo.java,com.google.javascript.rhino.JSDocInfo,org.pitest.mutationtest.engine.gregor.mutators.NegateConditionalsMutator,lazyInitDocumentation,636,NO_COVERAGE,none
JSDocInfo.java,com.google.javascript.rhino.JSDocInfo,org.pitest.mutationtest.engine.gregor.mutators.RemoveConditionalMutator_EQUAL_ELSE,lazyInitDocumentation,632,NO_COVERAGE,none
JSDocInfo.java,com.google.javascript.rhino.JSDocInfo,org.pitest.mutationtest.engine.gregor.mutators.RemoveConditionalMutator_EQUAL_ELSE,lazyInitDocumentation,636,NO_COVERAGE,none
JSDocInfo.java,com.google.javascript.rhino.JSDocInfo,org.pitest.mutationtest.engine.gregor.mutators.RemoveConditionalMutator_EQUAL_IF,lazyInitDocumentation,632,NO_COVERAGE,none
JSDocInfo.java,com.google.javascript.rhino.JSDocInfo,org.pitest.mutationtest.engine.gregor.mutators.RemoveConditionalMutator_EQUAL_IF,lazyInitDocumentation,636,NO_COVERAGE,none
JSDocInfo.java,com.google.javascript.rhino.JSDocInfo,org.pitest.mutationtest.engine.gregor.mutators.ReturnValsMutator,lazyInitDocumentation,633,NO_COVERAGE,none
JSDocInfo.java,com.google.javascript.rhino.JSDocInfo,org.pitest.mutationtest.engine.gregor.mutators.ReturnValsMutator,lazyInitDocumentation,640,NO_COVERAGE,none
JSDocInfo.java,com.google.javascript.rhino.JSDocInfo,org.pitest.mutationtest.engine.gregor.mutators.experimental.MemberVariableMutator,lazyInitDocumentation,637,NO_COVERAGE,none
JSDocInfo.java,com.google.javascript.rhino.JSDocInfo,org.pitest.mutationtest.engine.gregor.mutators.ConstructorCallMutator,lazyInitInfo,623,KILLED,RegressionTest4.test2002(RegressionTest4)
JSDocInfo.java,com.google.javascript.rhino.JSDocInfo,org.pitest.mutationtest.engine.gregor.mutators.NegateConditionalsMutator,lazyInitInfo,622,KILLED,RegressionTest4.test2002(RegressionTest4)
JSDocInfo.java,com.google.javascript.rhino.JSDocInfo,org.pitest.mutationtest.engine.gregor.mutators.RemoveConditionalMutator_EQUAL_ELSE,lazyInitInfo,622,KILLED,RegressionTest4.test2002(RegressionTest4)
JSDocInfo.java,com.google.javascript.rhino.JSDocInfo,org.pitest.mutationtest.engine.gregor.mutators.RemoveConditionalMutator_EQUAL_IF,lazyInitInfo,622,SURVIVED,none
JSDocInfo.java,com.google.javascript.rhino.JSDocInfo,org.pitest.mutationtest.engine.gregor.mutators.experimental.MemberVariableMutator,lazyInitInfo,623,KILLED,RegressionTest4.test2002(RegressionTest4)
JSDocInfo.java,com.google.javascript.rhino.JSDocInfo,org.pitest.mutationtest.engine.gregor.mutators.experimental.MemberVariableMutator,setAssociatedNode,1412,SURVIVED,none
JSDocInfo.java,com.google.javascript.rhino.JSDocInfo,org.pitest.mutationtest.engine.gregor.mutators.VoidMethodCallMutator,setBaseType,1132,NO_COVERAGE,none
JSDocInfo.java,com.google.javascript.rhino.JSDocInfo,org.pitest.mutationtest.engine.gregor.mutators.experimental.MemberVariableMutator,setBaseType,1133,NO_COVERAGE,none
JSDocInfo.java,com.google.javascript.rhino.JSDocInfo,org.pitest.mutationtest.engine.gregor.mutators.InlineConstantMutator,setConsistentIdGenerator,341,NO_COVERAGE,none
JSDocInfo.java,com.google.javascript.rhino.JSDocInfo,org.pitest.mutationtest.engine.gregor.mutators.VoidMethodCallMutator,setConsistentIdGenerator,341,NO_COVERAGE,none
JSDocInfo.java,com.google.javascript.rhino.JSDocInfo,org.pitest.mutationtest.engine.gregor.mutators.InlineConstantMutator,setConstant,345,NO_COVERAGE,none
JSDocInfo.java,com.google.javascript.rhino.JSDocInfo,org.pitest.mutationtest.engine.gregor.mutators.VoidMethodCallMutator,setConstant,345,NO_COVERAGE,none
JSDocInfo.java,com.google.javascript.rhino.JSDocInfo,org.pitest.mutationtest.engine.gregor.mutators.InlineConstantMutator,setConstructor,349,NO_COVERAGE,none
JSDocInfo.java,com.google.javascript.rhino.JSDocInfo,org.pitest.mutationtest.engine.gregor.mutators.VoidMethodCallMutator,setConstructor,349,NO_COVERAGE,none
JSDocInfo.java,com.google.javascript.rhino.JSDocInfo,org.pitest.mutationtest.engine.gregor.mutators.InlineConstantMutator,setDefine,353,NO_COVERAGE,none
JSDocInfo.java,com.google.javascript.rhino.JSDocInfo,org.pitest.mutationtest.engine.gregor.mutators.VoidMethodCallMutator,setDefine,353,NO_COVERAGE,none
JSDocInfo.java,com.google.javascript.rhino.JSDocInfo,org.pitest.mutationtest.engine.gregor.mutators.InlineConstantMutator,setDeprecated,378,SURVIVED,none
JSDocInfo.java,com.google.javascript.rhino.JSDocInfo,org.pitest.mutationtest.engine.gregor.mutators.VoidMethodCallMutator,setDeprecated,378,SURVIVED,none
JSDocInfo.java,com.google.javascript.rhino.JSDocInfo,org.pitest.mutationtest.engine.gregor.mutators.BooleanFalseReturnValsMutator,setDeprecationReason,674,NO_COVERAGE,none
JSDocInfo.java,com.google.javascript.rhino.JSDocInfo,org.pitest.mutationtest.engine.gregor.mutators.BooleanTrueReturnValsMutator,setDeprecationReason,670,NO_COVERAGE,none
JSDocInfo.java,com.google.javascript.rhino.JSDocInfo,org.pitest.mutationtest.engine.gregor.mutators.InlineConstantMutator,setDeprecationReason,670,NO_COVERAGE,none
JSDocInfo.java,com.google.javascript.rhino.JSDocInfo,org.pitest.mutationtest.engine.gregor.mutators.InlineConstantMutator,setDeprecationReason,674,NO_COVERAGE,none
JSDocInfo.java,com.google.javascript.rhino.JSDocInfo,org.pitest.mutationtest.engine.gregor.mutators.NegateConditionalsMutator,setDeprecationReason,669,NO_COVERAGE,none
JSDocInfo.java,com.google.javascript.rhino.JSDocInfo,org.pitest.mutationtest.engine.gregor.mutators.RemoveConditionalMutator_EQUAL_ELSE,setDeprecationReason,669,NO_COVERAGE,none
JSDocInfo.java,com.google.javascript.rhino.JSDocInfo,org.pitest.mutationtest.engine.gregor.mutators.RemoveConditionalMutator_EQUAL_IF,setDeprecationReason,669,NO_COVERAGE,none
JSDocInfo.java,com.google.javascript.rhino.JSDocInfo,org.pitest.mutationtest.engine.gregor.mutators.ReturnValsMutator,setDeprecationReason,670,NO_COVERAGE,none
JSDocInfo.java,com.google.javascript.rhino.JSDocInfo,org.pitest.mutationtest.engine.gregor.mutators.ReturnValsMutator,setDeprecationReason,674,NO_COVERAGE,none
JSDocInfo.java,com.google.javascript.rhino.JSDocInfo,org.pitest.mutationtest.engine.gregor.mutators.VoidMethodCallMutator,setDeprecationReason,667,NO_COVERAGE,none
JSDocInfo.java,com.google.javascript.rhino.JSDocInfo,org.pitest.mutationtest.engine.gregor.mutators.experimental.MemberVariableMutator,setDeprecationReason,673,NO_COVERAGE,none
JSDocInfo.java,com.google.javascript.rhino.JSDocInfo,org.pitest.mutationtest.engine.gregor.mutators.VoidMethodCallMutator,setDescription,1151,NO_COVERAGE,none
JSDocInfo.java,com.google.javascript.rhino.JSDocInfo,org.pitest.mutationtest.engine.gregor.mutators.experimental.MemberVariableMutator,setDescription,1152,NO_COVERAGE,none
JSDocInfo.java,com.google.javascript.rhino.JSDocInfo,org.pitest.mutationtest.engine.gregor.mutators.InlineConstantMutator,setEnumParameterType,1010,NO_COVERAGE,none
JSDocInfo.java,com.google.javascript.rhino.JSDocInfo,org.pitest.mutationtest.engine.gregor.mutators.VoidMethodCallMutator,setEnumParameterType,1010,NO_COVERAGE,none
JSDocInfo.java,com.google.javascript.rhino.JSDocInfo,org.pitest.mutationtest.engine.gregor.mutators.InlineConstantMutator,setExport,386,NO_COVERAGE,none
JSDocInfo.java,com.google.javascript.rhino.JSDocInfo,org.pitest.mutationtest.engine.gregor.mutators.VoidMethodCallMutator,setExport,386,NO_COVERAGE,none
JSDocInfo.java,com.google.javascript.rhino.JSDocInfo,org.pitest.mutationtest.engine.gregor.mutators.InlineConstantMutator,setExpose,390,NO_COVERAGE,none
JSDocInfo.java,com.google.javascript.rhino.JSDocInfo,org.pitest.mutationtest.engine.gregor.mutators.VoidMethodCallMutator,setExpose,390,NO_COVERAGE,none
JSDocInfo.java,com.google.javascript.rhino.JSDocInfo,org.pitest.mutationtest.engine.gregor.mutators.InlineConstantMutator,setExterns,410,NO_COVERAGE,none
JSDocInfo.java,com.google.javascript.rhino.JSDocInfo,org.pitest.mutationtest.engine.gregor.mutators.VoidMethodCallMutator,setExterns,410,NO_COVERAGE,none
JSDocInfo.java,com.google.javascript.rhino.JSDocInfo,org.pitest.mutationtest.engine.gregor.mutators.InlineConstantMutator,setFlag,425,SURVIVED,none
JSDocInfo.java,com.google.javascript.rhino.JSDocInfo,org.pitest.mutationtest.engine.gregor.mutators.MathMutator,setFlag,423,SURVIVED,none
JSDocInfo.java,com.google.javascript.rhino.JSDocInfo,org.pitest.mutationtest.engine.gregor.mutators.MathMutator,setFlag,425,SURVIVED,none
JSDocInfo.java,com.google.javascript.rhino.JSDocInfo,org.pitest.mutationtest.engine.gregor.mutators.MathMutator,setFlag,425,KILLED,RegressionTest4.test2012(RegressionTest4)
JSDocInfo.java,com.google.javascript.rhino.JSDocInfo,org.pitest.mutationtest.engine.gregor.mutators.NegateConditionalsMutator,setFlag,422,KILLED,RegressionTest3.test1988(RegressionTest3)
JSDocInfo.java,com.google.javascript.rhino.JSDocInfo,org.pitest.mutationtest.engine.gregor.mutators.RemoveConditionalMutator_EQUAL_ELSE,setFlag,422,SURVIVED,none
JSDocInfo.java,com.google.javascript.rhino.JSDocInfo,org.pitest.mutationtest.engine.gregor.mutators.RemoveConditionalMutator_EQUAL_IF,setFlag,422,KILLED,RegressionTest3.test1988(RegressionTest3)
JSDocInfo.java,com.google.javascript.rhino.JSDocInfo,org.pitest.mutationtest.engine.gregor.mutators.experimental.MemberVariableMutator,setFlag,423,SURVIVED,none
JSDocInfo.java,com.google.javascript.rhino.JSDocInfo,org.pitest.mutationtest.engine.gregor.mutators.experimental.MemberVariableMutator,setFlag,425,SURVIVED,none
JSDocInfo.java,com.google.javascript.rhino.JSDocInfo,org.pitest.mutationtest.engine.gregor.mutators.InlineConstantMutator,setHidden,357,NO_COVERAGE,none
JSDocInfo.java,com.google.javascript.rhino.JSDocInfo,org.pitest.mutationtest.engine.gregor.mutators.VoidMethodCallMutator,setHidden,357,NO_COVERAGE,none
JSDocInfo.java,com.google.javascript.rhino.JSDocInfo,org.pitest.mutationtest.engine.gregor.mutators.InlineConstantMutator,setIdGenerator,398,NO_COVERAGE,none
JSDocInfo.java,com.google.javascript.rhino.JSDocInfo,org.pitest.mutationtest.engine.gregor.mutators.VoidMethodCallMutator,setIdGenerator,398,NO_COVERAGE,none
JSDocInfo.java,com.google.javascript.rhino.JSDocInfo,org.pitest.mutationtest.engine.gregor.mutators.InlineConstantMutator,setImplicitCast,402,NO_COVERAGE,none
JSDocInfo.java,com.google.javascript.rhino.JSDocInfo,org.pitest.mutationtest.engine.gregor.mutators.VoidMethodCallMutator,setImplicitCast,402,NO_COVERAGE,none
JSDocInfo.java,com.google.javascript.rhino.JSDocInfo,org.pitest.mutationtest.engine.gregor.mutators.InlineConstantMutator,setInterface,382,NO_COVERAGE,none
JSDocInfo.java,com.google.javascript.rhino.JSDocInfo,org.pitest.mutationtest.engine.gregor.mutators.VoidMethodCallMutator,setInterface,382,NO_COVERAGE,none
JSDocInfo.java,com.google.javascript.rhino.JSDocInfo,org.pitest.mutationtest.engine.gregor.mutators.InlineConstantMutator,setJavaDispatch,414,NO_COVERAGE,none
JSDocInfo.java,com.google.javascript.rhino.JSDocInfo,org.pitest.mutationtest.engine.gregor.mutators.VoidMethodCallMutator,setJavaDispatch,414,NO_COVERAGE,none
JSDocInfo.java,com.google.javascript.rhino.JSDocInfo,org.pitest.mutationtest.engine.gregor.mutators.VoidMethodCallMutator,setLendsName,1188,NO_COVERAGE,none
JSDocInfo.java,com.google.javascript.rhino.JSDocInfo,org.pitest.mutationtest.engine.gregor.mutators.experimental.MemberVariableMutator,setLendsName,1189,NO_COVERAGE,none
JSDocInfo.java,com.google.javascript.rhino.JSDocInfo,org.pitest.mutationtest.engine.gregor.mutators.VoidMethodCallMutator,setLicense,1207,KILLED,RegressionTest4.test2002(RegressionTest4)
JSDocInfo.java,com.google.javascript.rhino.JSDocInfo,org.pitest.mutationtest.engine.gregor.mutators.experimental.MemberVariableMutator,setLicense,1208,KILLED,RegressionTest2.test1477(RegressionTest2)
JSDocInfo.java,com.google.javascript.rhino.JSDocInfo,org.pitest.mutationtest.engine.gregor.mutators.VoidMethodCallMutator,setMeaning,1171,NO_COVERAGE,none
JSDocInfo.java,com.google.javascript.rhino.JSDocInfo,org.pitest.mutationtest.engine.gregor.mutators.experimental.MemberVariableMutator,setMeaning,1172,NO_COVERAGE,none
JSDocInfo.java,com.google.javascript.rhino.JSDocInfo,org.pitest.mutationtest.engine.gregor.mutators.BooleanFalseReturnValsMutator,setModifies,728,NO_COVERAGE,none
JSDocInfo.java,com.google.javascript.rhino.JSDocInfo,org.pitest.mutationtest.engine.gregor.mutators.BooleanTrueReturnValsMutator,setModifies,724,NO_COVERAGE,none
JSDocInfo.java,com.google.javascript.rhino.JSDocInfo,org.pitest.mutationtest.engine.gregor.mutators.InlineConstantMutator,setModifies,724,NO_COVERAGE,none
JSDocInfo.java,com.google.javascript.rhino.JSDocInfo,org.pitest.mutationtest.engine.gregor.mutators.InlineConstantMutator,setModifies,728,NO_COVERAGE,none
JSDocInfo.java,com.google.javascript.rhino.JSDocInfo,org.pitest.mutationtest.engine.gregor.mutators.NegateConditionalsMutator,setModifies,723,NO_COVERAGE,none
JSDocInfo.java,com.google.javascript.rhino.JSDocInfo,org.pitest.mutationtest.engine.gregor.mutators.RemoveConditionalMutator_EQUAL_ELSE,setModifies,723,NO_COVERAGE,none
JSDocInfo.java,com.google.javascript.rhino.JSDocInfo,org.pitest.mutationtest.engine.gregor.mutators.RemoveConditionalMutator_EQUAL_IF,setModifies,723,NO_COVERAGE,none
JSDocInfo.java,com.google.javascript.rhino.JSDocInfo,org.pitest.mutationtest.engine.gregor.mutators.ReturnValsMutator,setModifies,724,NO_COVERAGE,none
JSDocInfo.java,com.google.javascript.rhino.JSDocInfo,org.pitest.mutationtest.engine.gregor.mutators.ReturnValsMutator,setModifies,728,NO_COVERAGE,none
JSDocInfo.java,com.google.javascript.rhino.JSDocInfo,org.pitest.mutationtest.engine.gregor.mutators.VoidMethodCallMutator,setModifies,721,NO_COVERAGE,none
JSDocInfo.java,com.google.javascript.rhino.JSDocInfo,org.pitest.mutationtest.engine.gregor.mutators.experimental.MemberVariableMutator,setModifies,727,NO_COVERAGE,none
JSDocInfo.java,com.google.javascript.rhino.JSDocInfo,org.pitest.mutationtest.engine.gregor.mutators.InlineConstantMutator,setNoAlias,373,NO_COVERAGE,none
JSDocInfo.java,com.google.javascript.rhino.JSDocInfo,org.pitest.mutationtest.engine.gregor.mutators.VoidMethodCallMutator,setNoAlias,373,NO_COVERAGE,none
JSDocInfo.java,com.google.javascript.rhino.JSDocInfo,org.pitest.mutationtest.engine.gregor.mutators.InlineConstantMutator,setNoCheck,361,NO_COVERAGE,none
JSDocInfo.java,com.google.javascript.rhino.JSDocInfo,org.pitest.mutationtest.engine.gregor.mutators.VoidMethodCallMutator,setNoCheck,361,NO_COVERAGE,none
JSDocInfo.java,com.google.javascript.rhino.JSDocInfo,org.pitest.mutationtest.engine.gregor.mutators.InlineConstantMutator,setNoCompile,418,NO_COVERAGE,none
JSDocInfo.java,com.google.javascript.rhino.JSDocInfo,org.pitest.mutationtest.engine.gregor.mutators.VoidMethodCallMutator,setNoCompile,418,NO_COVERAGE,none
JSDocInfo.java,com.google.javascript.rhino.JSDocInfo,org.pitest.mutationtest.engine.gregor.mutators.InlineConstantMutator,setNoShadow,394,NO_COVERAGE,none
JSDocInfo.java,com.google.javascript.rhino.JSDocInfo,org.pitest.mutationtest.engine.gregor.mutators.VoidMethodCallMutator,setNoShadow,394,NO_COVERAGE,none
JSDocInfo.java,com.google.javascript.rhino.JSDocInfo,org.pitest.mutationtest.engine.gregor.mutators.InlineConstantMutator,setNoSideEffects,406,NO_COVERAGE,none
JSDocInfo.java,com.google.javascript.rhino.JSDocInfo,org.pitest.mutationtest.engine.gregor.mutators.VoidMethodCallMutator,setNoSideEffects,406,NO_COVERAGE,none
JSDocInfo.java,com.google.javascript.rhino.JSDocInfo,org.pitest.mutationtest.engine.gregor.mutators.NegateConditionalsMutator,setOriginalCommentString,1503,NO_COVERAGE,none
JSDocInfo.java,com.google.javascript.rhino.JSDocInfo,org.pitest.mutationtest.engine.gregor.mutators.NonVoidMethodCallMutator,setOriginalCommentString,1503,NO_COVERAGE,none
JSDocInfo.java,com.google.javascript.rhino.JSDocInfo,org.pitest.mutationtest.engine.gregor.mutators.RemoveConditionalMutator_EQUAL_ELSE,setOriginalCommentString,1503,NO_COVERAGE,none
JSDocInfo.java,com.google.javascript.rhino.JSDocInfo,org.pitest.mutationtest.engine.gregor.mutators.RemoveConditionalMutator_EQUAL_IF,setOriginalCommentString,1503,NO_COVERAGE,none
JSDocInfo.java,com.google.javascript.rhino.JSDocInfo,org.pitest.mutationtest.engine.gregor.mutators.experimental.MemberVariableMutator,setOriginalCommentString,1506,NO_COVERAGE,none
JSDocInfo.java,com.google.javascript.rhino.JSDocInfo,org.pitest.mutationtest.engine.gregor.mutators.InlineConstantMutator,setOverride,369,NO_COVERAGE,none
JSDocInfo.java,com.google.javascript.rhino.JSDocInfo,org.pitest.mutationtest.engine.gregor.mutators.VoidMethodCallMutator,setOverride,369,NO_COVERAGE,none
JSDocInfo.java,com.google.javascript.rhino.JSDocInfo,org.pitest.mutationtest.engine.gregor.mutators.InlineConstantMutator,setReturnType,1006,NO_COVERAGE,none
JSDocInfo.java,com.google.javascript.rhino.JSDocInfo,org.pitest.mutationtest.engine.gregor.mutators.VoidMethodCallMutator,setReturnType,1006,NO_COVERAGE,none
JSDocInfo.java,com.google.javascript.rhino.JSDocInfo,org.pitest.mutationtest.engine.gregor.mutators.InlineConstantMutator,setShouldPreserveTry,365,NO_COVERAGE,none
JSDocInfo.java,com.google.javascript.rhino.JSDocInfo,org.pitest.mutationtest.engine.gregor.mutators.VoidMethodCallMutator,setShouldPreserveTry,365,NO_COVERAGE,none
JSDocInfo.java,com.google.javascript.rhino.JSDocInfo,org.pitest.mutationtest.engine.gregor.mutators.BooleanFalseReturnValsMutator,setSuppressions,701,NO_COVERAGE,none
JSDocInfo.java,com.google.javascript.rhino.JSDocInfo,org.pitest.mutationtest.engine.gregor.mutators.BooleanTrueReturnValsMutator,setSuppressions,697,NO_COVERAGE,none
JSDocInfo.java,com.google.javascript.rhino.JSDocInfo,org.pitest.mutationtest.engine.gregor.mutators.InlineConstantMutator,setSuppressions,697,NO_COVERAGE,none
JSDocInfo.java,com.google.javascript.rhino.JSDocInfo,org.pitest.mutationtest.engine.gregor.mutators.InlineConstantMutator,setSuppressions,701,NO_COVERAGE,none
JSDocInfo.java,com.google.javascript.rhino.JSDocInfo,org.pitest.mutationtest.engine.gregor.mutators.NegateConditionalsMutator,setSuppressions,696,NO_COVERAGE,none
JSDocInfo.java,com.google.javascript.rhino.JSDocInfo,org.pitest.mutationtest.engine.gregor.mutators.RemoveConditionalMutator_EQUAL_ELSE,setSuppressions,696,NO_COVERAGE,none
JSDocInfo.java,com.google.javascript.rhino.JSDocInfo,org.pitest.mutationtest.engine.gregor.mutators.RemoveConditionalMutator_EQUAL_IF,setSuppressions,696,NO_COVERAGE,none
JSDocInfo.java,com.google.javascript.rhino.JSDocInfo,org.pitest.mutationtest.engine.gregor.mutators.ReturnValsMutator,setSuppressions,697,NO_COVERAGE,none
JSDocInfo.java,com.google.javascript.rhino.JSDocInfo,org.pitest.mutationtest.engine.gregor.mutators.ReturnValsMutator,setSuppressions,701,NO_COVERAGE,none
JSDocInfo.java,com.google.javascript.rhino.JSDocInfo,org.pitest.mutationtest.engine.gregor.mutators.VoidMethodCallMutator,setSuppressions,694,NO_COVERAGE,none
JSDocInfo.java,com.google.javascript.rhino.JSDocInfo,org.pitest.mutationtest.engine.gregor.mutators.experimental.MemberVariableMutator,setSuppressions,700,NO_COVERAGE,none
JSDocInfo.java,com.google.javascript.rhino.JSDocInfo,org.pitest.mutationtest.engine.gregor.mutators.experimental.MemberVariableMutator,setThisType,1120,NO_COVERAGE,none
JSDocInfo.java,com.google.javascript.rhino.JSDocInfo,org.pitest.mutationtest.engine.gregor.mutators.InlineConstantMutator,setType,1002,NO_COVERAGE,none
JSDocInfo.java,com.google.javascript.rhino.JSDocInfo,org.pitest.mutationtest.engine.gregor.mutators.VoidMethodCallMutator,setType,1002,NO_COVERAGE,none
JSDocInfo.java,com.google.javascript.rhino.JSDocInfo,org.pitest.mutationtest.engine.gregor.mutators.ConstructorCallMutator,setType,1019,NO_COVERAGE,none
JSDocInfo.java,com.google.javascript.rhino.JSDocInfo,org.pitest.mutationtest.engine.gregor.mutators.InlineConstantMutator,setType,1018,NO_COVERAGE,none
JSDocInfo.java,com.google.javascript.rhino.JSDocInfo,org.pitest.mutationtest.engine.gregor.mutators.InlineConstantMutator,setType,1023,NO_COVERAGE,none
JSDocInfo.java,com.google.javascript.rhino.JSDocInfo,org.pitest.mutationtest.engine.gregor.mutators.MathMutator,setType,1018,NO_COVERAGE,none
JSDocInfo.java,com.google.javascript.rhino.JSDocInfo,org.pitest.mutationtest.engine.gregor.mutators.MathMutator,setType,1023,NO_COVERAGE,none
JSDocInfo.java,com.google.javascript.rhino.JSDocInfo,org.pitest.mutationtest.engine.gregor.mutators.MathMutator,setType,1023,NO_COVERAGE,none
JSDocInfo.java,com.google.javascript.rhino.JSDocInfo,org.pitest.mutationtest.engine.gregor.mutators.NegateConditionalsMutator,setType,1018,NO_COVERAGE,none
JSDocInfo.java,com.google.javascript.rhino.JSDocInfo,org.pitest.mutationtest.engine.gregor.mutators.RemoveConditionalMutator_EQUAL_ELSE,setType,1018,NO_COVERAGE,none
JSDocInfo.java,com.google.javascript.rhino.JSDocInfo,org.pitest.mutationtest.engine.gregor.mutators.RemoveConditionalMutator_EQUAL_IF,setType,1018,NO_COVERAGE,none
JSDocInfo.java,com.google.javascript.rhino.JSDocInfo,org.pitest.mutationtest.engine.gregor.mutators.experimental.MemberVariableMutator,setType,1023,NO_COVERAGE,none
JSDocInfo.java,com.google.javascript.rhino.JSDocInfo,org.pitest.mutationtest.engine.gregor.mutators.experimental.MemberVariableMutator,setType,1024,NO_COVERAGE,none
JSDocInfo.java,com.google.javascript.rhino.JSDocInfo,org.pitest.mutationtest.engine.gregor.mutators.InlineConstantMutator,setTypedefType,1014,NO_COVERAGE,none
JSDocInfo.java,com.google.javascript.rhino.JSDocInfo,org.pitest.mutationtest.engine.gregor.mutators.VoidMethodCallMutator,setTypedefType,1014,NO_COVERAGE,none
JSDocInfo.java,com.google.javascript.rhino.JSDocInfo,org.pitest.mutationtest.engine.gregor.mutators.experimental.MemberVariableMutator,setVisibility,618,KILLED,RegressionTest4.test2043(RegressionTest4)
JSDocInfo.java,com.google.javascript.rhino.JSDocInfo,org.pitest.mutationtest.engine.gregor.mutators.BooleanFalseReturnValsMutator,shouldPreserveTry,483,SURVIVED,none
JSDocInfo.java,com.google.javascript.rhino.JSDocInfo,org.pitest.mutationtest.engine.gregor.mutators.BooleanTrueReturnValsMutator,shouldPreserveTry,483,KILLED,RegressionTest4.test2074(RegressionTest4)
JSDocInfo.java,com.google.javascript.rhino.JSDocInfo,org.pitest.mutationtest.engine.gregor.mutators.InlineConstantMutator,shouldPreserveTry,483,SURVIVED,none
JSDocInfo.java,com.google.javascript.rhino.JSDocInfo,org.pitest.mutationtest.engine.gregor.mutators.NonVoidMethodCallMutator,shouldPreserveTry,483,SURVIVED,none
JSDocInfo.java,com.google.javascript.rhino.JSDocInfo,org.pitest.mutationtest.engine.gregor.mutators.ReturnValsMutator,shouldPreserveTry,483,KILLED,RegressionTest4.test2074(RegressionTest4)
JSDocInfo.java,com.google.javascript.rhino.JSDocInfo,org.pitest.mutationtest.engine.gregor.mutators.EmptyObjectReturnValsMutator,toString,1213,KILLED,RegressionTest4.test2039(RegressionTest4)
JSDocInfo.java,com.google.javascript.rhino.JSDocInfo,org.pitest.mutationtest.engine.gregor.mutators.ReturnValsMutator,toString,1213,KILLED,RegressionTest4.test2039(RegressionTest4)
