DateTimeParserBucket.java,org.joda.time.format.DateTimeParserBucket,org.pitest.mutationtest.engine.gregor.mutators.InlineConstantMutator,<init>,88,NO_COVERAGE,none
DateTimeParserBucket.java,org.joda.time.format.DateTimeParserBucket,org.pitest.mutationtest.engine.gregor.mutators.InlineConstantMutator,<init>,104,NO_COVERAGE,none
DateTimeParserBucket.java,org.joda.time.format.DateTimeParserBucket,org.pitest.mutationtest.engine.gregor.mutators.ArgumentPropagationMutator,<init>,120,SURVIVED,none
DateTimeParserBucket.java,org.joda.time.format.DateTimeParserBucket,org.pitest.mutationtest.engine.gregor.mutators.InlineConstantMutator,<init>,72,SURVIVED,none
DateTimeParserBucket.java,org.joda.time.format.DateTimeParserBucket,org.pitest.mutationtest.engine.gregor.mutators.NegateConditionalsMutator,<init>,124,SURVIVED,none
DateTimeParserBucket.java,org.joda.time.format.DateTimeParserBucket,org.pitest.mutationtest.engine.gregor.mutators.NonVoidMethodCallMutator,<init>,120,KILLED,org.joda.time.format.DateTimeFormatter_ESTest.test54
DateTimeParserBucket.java,org.joda.time.format.DateTimeParserBucket,org.pitest.mutationtest.engine.gregor.mutators.NonVoidMethodCallMutator,<init>,122,KILLED,org.joda.time.format.DateTimeFormatter_ESTest.test54
DateTimeParserBucket.java,org.joda.time.format.DateTimeParserBucket,org.pitest.mutationtest.engine.gregor.mutators.NonVoidMethodCallMutator,<init>,123,KILLED,org.joda.time.format.DateTimeFormatter_ESTest.test58
DateTimeParserBucket.java,org.joda.time.format.DateTimeParserBucket,org.pitest.mutationtest.engine.gregor.mutators.NonVoidMethodCallMutator,<init>,124,SURVIVED,none
DateTimeParserBucket.java,org.joda.time.format.DateTimeParserBucket,org.pitest.mutationtest.engine.gregor.mutators.RemoveConditionalMutator_EQUAL_ELSE,<init>,124,SURVIVED,none
DateTimeParserBucket.java,org.joda.time.format.DateTimeParserBucket,org.pitest.mutationtest.engine.gregor.mutators.RemoveConditionalMutator_EQUAL_IF,<init>,124,SURVIVED,none
DateTimeParserBucket.java,org.joda.time.format.DateTimeParserBucket,org.pitest.mutationtest.engine.gregor.mutators.experimental.MemberVariableMutator,<init>,72,KILLED,org.joda.time.format.DateTimeFormatter_ESTest.test58
DateTimeParserBucket.java,org.joda.time.format.DateTimeParserBucket,org.pitest.mutationtest.engine.gregor.mutators.experimental.MemberVariableMutator,<init>,121,KILLED,org.joda.time.format.DateTimeFormatter_ESTest.test54
DateTimeParserBucket.java,org.joda.time.format.DateTimeParserBucket,org.pitest.mutationtest.engine.gregor.mutators.experimental.MemberVariableMutator,<init>,122,KILLED,org.joda.time.format.DateTimeFormatter_ESTest.test54
DateTimeParserBucket.java,org.joda.time.format.DateTimeParserBucket,org.pitest.mutationtest.engine.gregor.mutators.experimental.MemberVariableMutator,<init>,123,KILLED,org.joda.time.format.DateTimeFormatter_ESTest.test58
DateTimeParserBucket.java,org.joda.time.format.DateTimeParserBucket,org.pitest.mutationtest.engine.gregor.mutators.experimental.MemberVariableMutator,<init>,124,SURVIVED,none
DateTimeParserBucket.java,org.joda.time.format.DateTimeParserBucket,org.pitest.mutationtest.engine.gregor.mutators.experimental.MemberVariableMutator,<init>,125,SURVIVED,none
DateTimeParserBucket.java,org.joda.time.format.DateTimeParserBucket,org.pitest.mutationtest.engine.gregor.mutators.experimental.MemberVariableMutator,<init>,126,KILLED,org.joda.time.format.DateTimeFormatter_ESTest.test58
DateTimeParserBucket.java,org.joda.time.format.DateTimeParserBucket,org.pitest.mutationtest.engine.gregor.mutators.experimental.NakedReceiverMutator,<init>,123,KILLED,org.joda.time.format.DateTimeFormatter_ESTest.test58
DateTimeParserBucket.java,org.joda.time.format.DateTimeParserBucket,org.pitest.mutationtest.engine.gregor.mutators.InlineConstantMutator,compareReverse,513,NO_COVERAGE,none
DateTimeParserBucket.java,org.joda.time.format.DateTimeParserBucket,org.pitest.mutationtest.engine.gregor.mutators.InlineConstantMutator,compareReverse,515,NO_COVERAGE,none
DateTimeParserBucket.java,org.joda.time.format.DateTimeParserBucket,org.pitest.mutationtest.engine.gregor.mutators.InlineConstantMutator,compareReverse,518,SURVIVED,none
DateTimeParserBucket.java,org.joda.time.format.DateTimeParserBucket,org.pitest.mutationtest.engine.gregor.mutators.InvertNegsMutator,compareReverse,520,KILLED,org.joda.time.format.DateTimeFormatter_ESTest.test58
DateTimeParserBucket.java,org.joda.time.format.DateTimeParserBucket,org.pitest.mutationtest.engine.gregor.mutators.NegateConditionalsMutator,compareReverse,511,KILLED,org.joda.time.format.DateTimeFormatter_ESTest.test58
DateTimeParserBucket.java,org.joda.time.format.DateTimeParserBucket,org.pitest.mutationtest.engine.gregor.mutators.NegateConditionalsMutator,compareReverse,511,KILLED,org.joda.time.format.DateTimeFormatter_ESTest.test58
DateTimeParserBucket.java,org.joda.time.format.DateTimeParserBucket,org.pitest.mutationtest.engine.gregor.mutators.NegateConditionalsMutator,compareReverse,512,NO_COVERAGE,none
DateTimeParserBucket.java,org.joda.time.format.DateTimeParserBucket,org.pitest.mutationtest.engine.gregor.mutators.NegateConditionalsMutator,compareReverse,512,NO_COVERAGE,none
DateTimeParserBucket.java,org.joda.time.format.DateTimeParserBucket,org.pitest.mutationtest.engine.gregor.mutators.NegateConditionalsMutator,compareReverse,517,KILLED,org.joda.time.format.DateTimeFormatter_ESTest.test58
DateTimeParserBucket.java,org.joda.time.format.DateTimeParserBucket,org.pitest.mutationtest.engine.gregor.mutators.NegateConditionalsMutator,compareReverse,517,KILLED,org.joda.time.format.DateTimeFormatter_ESTest.test58
DateTimeParserBucket.java,org.joda.time.format.DateTimeParserBucket,org.pitest.mutationtest.engine.gregor.mutators.NonVoidMethodCallMutator,compareReverse,511,KILLED,org.joda.time.format.DateTimeFormatter_ESTest.test58
DateTimeParserBucket.java,org.joda.time.format.DateTimeParserBucket,org.pitest.mutationtest.engine.gregor.mutators.NonVoidMethodCallMutator,compareReverse,512,NO_COVERAGE,none
DateTimeParserBucket.java,org.joda.time.format.DateTimeParserBucket,org.pitest.mutationtest.engine.gregor.mutators.NonVoidMethodCallMutator,compareReverse,517,KILLED,org.joda.time.format.DateTimeFormatter_ESTest.test58
DateTimeParserBucket.java,org.joda.time.format.DateTimeParserBucket,org.pitest.mutationtest.engine.gregor.mutators.NonVoidMethodCallMutator,compareReverse,520,SURVIVED,none
DateTimeParserBucket.java,org.joda.time.format.DateTimeParserBucket,org.pitest.mutationtest.engine.gregor.mutators.PrimitiveReturnsMutator,compareReverse,515,NO_COVERAGE,none
DateTimeParserBucket.java,org.joda.time.format.DateTimeParserBucket,org.pitest.mutationtest.engine.gregor.mutators.PrimitiveReturnsMutator,compareReverse,518,SURVIVED,none
DateTimeParserBucket.java,org.joda.time.format.DateTimeParserBucket,org.pitest.mutationtest.engine.gregor.mutators.PrimitiveReturnsMutator,compareReverse,520,SURVIVED,none
DateTimeParserBucket.java,org.joda.time.format.DateTimeParserBucket,org.pitest.mutationtest.engine.gregor.mutators.RemoveConditionalMutator_EQUAL_ELSE,compareReverse,511,KILLED,org.joda.time.format.DateTimeFormatter_ESTest.test58
DateTimeParserBucket.java,org.joda.time.format.DateTimeParserBucket,org.pitest.mutationtest.engine.gregor.mutators.RemoveConditionalMutator_EQUAL_ELSE,compareReverse,511,SURVIVED,none
DateTimeParserBucket.java,org.joda.time.format.DateTimeParserBucket,org.pitest.mutationtest.engine.gregor.mutators.RemoveConditionalMutator_EQUAL_ELSE,compareReverse,512,NO_COVERAGE,none
DateTimeParserBucket.java,org.joda.time.format.DateTimeParserBucket,org.pitest.mutationtest.engine.gregor.mutators.RemoveConditionalMutator_EQUAL_ELSE,compareReverse,512,NO_COVERAGE,none
DateTimeParserBucket.java,org.joda.time.format.DateTimeParserBucket,org.pitest.mutationtest.engine.gregor.mutators.RemoveConditionalMutator_EQUAL_ELSE,compareReverse,517,KILLED,org.joda.time.format.DateTimeFormatter_ESTest.test58
DateTimeParserBucket.java,org.joda.time.format.DateTimeParserBucket,org.pitest.mutationtest.engine.gregor.mutators.RemoveConditionalMutator_EQUAL_ELSE,compareReverse,517,SURVIVED,none
DateTimeParserBucket.java,org.joda.time.format.DateTimeParserBucket,org.pitest.mutationtest.engine.gregor.mutators.RemoveConditionalMutator_EQUAL_IF,compareReverse,511,SURVIVED,none
DateTimeParserBucket.java,org.joda.time.format.DateTimeParserBucket,org.pitest.mutationtest.engine.gregor.mutators.RemoveConditionalMutator_EQUAL_IF,compareReverse,511,KILLED,org.joda.time.format.DateTimeFormatter_ESTest.test58
DateTimeParserBucket.java,org.joda.time.format.DateTimeParserBucket,org.pitest.mutationtest.engine.gregor.mutators.RemoveConditionalMutator_EQUAL_IF,compareReverse,512,NO_COVERAGE,none
DateTimeParserBucket.java,org.joda.time.format.DateTimeParserBucket,org.pitest.mutationtest.engine.gregor.mutators.RemoveConditionalMutator_EQUAL_IF,compareReverse,512,NO_COVERAGE,none
DateTimeParserBucket.java,org.joda.time.format.DateTimeParserBucket,org.pitest.mutationtest.engine.gregor.mutators.RemoveConditionalMutator_EQUAL_IF,compareReverse,517,KILLED,org.joda.time.format.DateTimeFormatter_ESTest.test58
DateTimeParserBucket.java,org.joda.time.format.DateTimeParserBucket,org.pitest.mutationtest.engine.gregor.mutators.RemoveConditionalMutator_EQUAL_IF,compareReverse,517,KILLED,org.joda.time.format.DateTimeFormatter_ESTest.test58
DateTimeParserBucket.java,org.joda.time.format.DateTimeParserBucket,org.pitest.mutationtest.engine.gregor.mutators.ReturnValsMutator,compareReverse,513,NO_COVERAGE,none
DateTimeParserBucket.java,org.joda.time.format.DateTimeParserBucket,org.pitest.mutationtest.engine.gregor.mutators.ReturnValsMutator,compareReverse,515,NO_COVERAGE,none
DateTimeParserBucket.java,org.joda.time.format.DateTimeParserBucket,org.pitest.mutationtest.engine.gregor.mutators.ReturnValsMutator,compareReverse,518,SURVIVED,none
DateTimeParserBucket.java,org.joda.time.format.DateTimeParserBucket,org.pitest.mutationtest.engine.gregor.mutators.ReturnValsMutator,compareReverse,520,KILLED,org.joda.time.format.DateTimeFormatter_ESTest.test58
DateTimeParserBucket.java,org.joda.time.format.DateTimeParserBucket,org.pitest.mutationtest.engine.gregor.mutators.InlineConstantMutator,computeMillis,318,NO_COVERAGE,none
DateTimeParserBucket.java,org.joda.time.format.DateTimeParserBucket,org.pitest.mutationtest.engine.gregor.mutators.NonVoidMethodCallMutator,computeMillis,318,NO_COVERAGE,none
DateTimeParserBucket.java,org.joda.time.format.DateTimeParserBucket,org.pitest.mutationtest.engine.gregor.mutators.PrimitiveReturnsMutator,computeMillis,318,NO_COVERAGE,none
DateTimeParserBucket.java,org.joda.time.format.DateTimeParserBucket,org.pitest.mutationtest.engine.gregor.mutators.ReturnValsMutator,computeMillis,318,NO_COVERAGE,none
DateTimeParserBucket.java,org.joda.time.format.DateTimeParserBucket,org.pitest.mutationtest.engine.gregor.mutators.NonVoidMethodCallMutator,computeMillis,330,NO_COVERAGE,none
DateTimeParserBucket.java,org.joda.time.format.DateTimeParserBucket,org.pitest.mutationtest.engine.gregor.mutators.PrimitiveReturnsMutator,computeMillis,330,NO_COVERAGE,none
DateTimeParserBucket.java,org.joda.time.format.DateTimeParserBucket,org.pitest.mutationtest.engine.gregor.mutators.ReturnValsMutator,computeMillis,330,NO_COVERAGE,none
DateTimeParserBucket.java,org.joda.time.format.DateTimeParserBucket,org.pitest.mutationtest.engine.gregor.mutators.ArgumentPropagationMutator,computeMillis,365,SURVIVED,none
DateTimeParserBucket.java,org.joda.time.format.DateTimeParserBucket,org.pitest.mutationtest.engine.gregor.mutators.ArgumentPropagationMutator,computeMillis,369,SURVIVED,none
DateTimeParserBucket.java,org.joda.time.format.DateTimeParserBucket,org.pitest.mutationtest.engine.gregor.mutators.ConditionalsBoundaryMutator,computeMillis,351,KILLED,org.joda.time.format.DateTimeFormatter_ESTest.test54
DateTimeParserBucket.java,org.joda.time.format.DateTimeParserBucket,org.pitest.mutationtest.engine.gregor.mutators.ConditionalsBoundaryMutator,computeMillis,356,SURVIVED,none
DateTimeParserBucket.java,org.joda.time.format.DateTimeParserBucket,org.pitest.mutationtest.engine.gregor.mutators.ConditionalsBoundaryMutator,computeMillis,356,KILLED,org.joda.time.format.DateTimeFormatter_ESTest.test58
DateTimeParserBucket.java,org.joda.time.format.DateTimeParserBucket,org.pitest.mutationtest.engine.gregor.mutators.ConditionalsBoundaryMutator,computeMillis,364,KILLED,org.joda.time.format.DateTimeFormatter_ESTest.test54
DateTimeParserBucket.java,org.joda.time.format.DateTimeParserBucket,org.pitest.mutationtest.engine.gregor.mutators.ConditionalsBoundaryMutator,computeMillis,368,KILLED,org.joda.time.format.DateTimeFormatter_ESTest.test54
DateTimeParserBucket.java,org.joda.time.format.DateTimeParserBucket,org.pitest.mutationtest.engine.gregor.mutators.ConstructorCallMutator,computeMillis,374,NO_COVERAGE,none
DateTimeParserBucket.java,org.joda.time.format.DateTimeParserBucket,org.pitest.mutationtest.engine.gregor.mutators.ConstructorCallMutator,computeMillis,385,NO_COVERAGE,none
DateTimeParserBucket.java,org.joda.time.format.DateTimeParserBucket,org.pitest.mutationtest.engine.gregor.mutators.ConstructorCallMutator,computeMillis,388,NO_COVERAGE,none
DateTimeParserBucket.java,org.joda.time.format.DateTimeParserBucket,org.pitest.mutationtest.engine.gregor.mutators.ConstructorCallMutator,computeMillis,390,NO_COVERAGE,none
DateTimeParserBucket.java,org.joda.time.format.DateTimeParserBucket,org.pitest.mutationtest.engine.gregor.mutators.IncrementsMutator,computeMillis,364,KILLED,org.joda.time.format.DateTimeFormatter_ESTest.test58
DateTimeParserBucket.java,org.joda.time.format.DateTimeParserBucket,org.pitest.mutationtest.engine.gregor.mutators.IncrementsMutator,computeMillis,368,KILLED,org.joda.time.format.DateTimeFormatter_ESTest.test58
DateTimeParserBucket.java,org.joda.time.format.DateTimeParserBucket,org.pitest.mutationtest.engine.gregor.mutators.InlineConstantMutator,computeMillis,348,NO_COVERAGE,none
DateTimeParserBucket.java,org.joda.time.format.DateTimeParserBucket,org.pitest.mutationtest.engine.gregor.mutators.InlineConstantMutator,computeMillis,355,KILLED,org.joda.time.format.DateTimeFormatter_ESTest.test58
DateTimeParserBucket.java,org.joda.time.format.DateTimeParserBucket,org.pitest.mutationtest.engine.gregor.mutators.InlineConstantMutator,computeMillis,364,SURVIVED,none
DateTimeParserBucket.java,org.joda.time.format.DateTimeParserBucket,org.pitest.mutationtest.engine.gregor.mutators.InlineConstantMutator,computeMillis,368,SURVIVED,none
DateTimeParserBucket.java,org.joda.time.format.DateTimeParserBucket,org.pitest.mutationtest.engine.gregor.mutators.InlineConstantMutator,computeMillis,369,SURVIVED,none
DateTimeParserBucket.java,org.joda.time.format.DateTimeParserBucket,org.pitest.mutationtest.engine.gregor.mutators.InlineConstantMutator,computeMillis,369,SURVIVED,none
DateTimeParserBucket.java,org.joda.time.format.DateTimeParserBucket,org.pitest.mutationtest.engine.gregor.mutators.InlineConstantMutator,computeMillis,369,SURVIVED,none
DateTimeParserBucket.java,org.joda.time.format.DateTimeParserBucket,org.pitest.mutationtest.engine.gregor.mutators.InlineConstantMutator,computeMillis,374,NO_COVERAGE,none
DateTimeParserBucket.java,org.joda.time.format.DateTimeParserBucket,org.pitest.mutationtest.engine.gregor.mutators.InlineConstantMutator,computeMillis,385,NO_COVERAGE,none
DateTimeParserBucket.java,org.joda.time.format.DateTimeParserBucket,org.pitest.mutationtest.engine.gregor.mutators.MathMutator,computeMillis,369,SURVIVED,none
DateTimeParserBucket.java,org.joda.time.format.DateTimeParserBucket,org.pitest.mutationtest.engine.gregor.mutators.MathMutator,computeMillis,380,KILLED,org.joda.time.format.DateTimeFormatter_ESTest.test54
DateTimeParserBucket.java,org.joda.time.format.DateTimeParserBucket,org.pitest.mutationtest.engine.gregor.mutators.MathMutator,computeMillis,383,KILLED,org.joda.time.format.DateTimeFormatter_ESTest.test54
DateTimeParserBucket.java,org.joda.time.format.DateTimeParserBucket,org.pitest.mutationtest.engine.gregor.mutators.NegateConditionalsMutator,computeMillis,346,SURVIVED,none
DateTimeParserBucket.java,org.joda.time.format.DateTimeParserBucket,org.pitest.mutationtest.engine.gregor.mutators.NegateConditionalsMutator,computeMillis,351,KILLED,org.joda.time.format.DateTimeFormatter_ESTest.test54
DateTimeParserBucket.java,org.joda.time.format.DateTimeParserBucket,org.pitest.mutationtest.engine.gregor.mutators.NegateConditionalsMutator,computeMillis,356,KILLED,org.joda.time.format.DateTimeFormatter_ESTest.test58
DateTimeParserBucket.java,org.joda.time.format.DateTimeParserBucket,org.pitest.mutationtest.engine.gregor.mutators.NegateConditionalsMutator,computeMillis,356,KILLED,org.joda.time.format.DateTimeFormatter_ESTest.test58
DateTimeParserBucket.java,org.joda.time.format.DateTimeParserBucket,org.pitest.mutationtest.engine.gregor.mutators.NegateConditionalsMutator,computeMillis,364,KILLED,org.joda.time.format.DateTimeFormatter_ESTest.test54
DateTimeParserBucket.java,org.joda.time.format.DateTimeParserBucket,org.pitest.mutationtest.engine.gregor.mutators.NegateConditionalsMutator,computeMillis,367,SURVIVED,none
DateTimeParserBucket.java,org.joda.time.format.DateTimeParserBucket,org.pitest.mutationtest.engine.gregor.mutators.NegateConditionalsMutator,computeMillis,368,KILLED,org.joda.time.format.DateTimeFormatter_ESTest.test54
DateTimeParserBucket.java,org.joda.time.format.DateTimeParserBucket,org.pitest.mutationtest.engine.gregor.mutators.NegateConditionalsMutator,computeMillis,369,SURVIVED,none
DateTimeParserBucket.java,org.joda.time.format.DateTimeParserBucket,org.pitest.mutationtest.engine.gregor.mutators.NegateConditionalsMutator,computeMillis,373,NO_COVERAGE,none
DateTimeParserBucket.java,org.joda.time.format.DateTimeParserBucket,org.pitest.mutationtest.engine.gregor.mutators.NegateConditionalsMutator,computeMillis,379,KILLED,org.joda.time.format.DateTimeFormatter_ESTest.test54
DateTimeParserBucket.java,org.joda.time.format.DateTimeParserBucket,org.pitest.mutationtest.engine.gregor.mutators.NegateConditionalsMutator,computeMillis,381,KILLED,org.joda.time.format.DateTimeFormatter_ESTest.test54
DateTimeParserBucket.java,org.joda.time.format.DateTimeParserBucket,org.pitest.mutationtest.engine.gregor.mutators.NegateConditionalsMutator,computeMillis,384,KILLED,org.joda.time.format.DateTimeFormatter_ESTest.test54
DateTimeParserBucket.java,org.joda.time.format.DateTimeParserBucket,org.pitest.mutationtest.engine.gregor.mutators.NegateConditionalsMutator,computeMillis,387,NO_COVERAGE,none
DateTimeParserBucket.java,org.joda.time.format.DateTimeParserBucket,org.pitest.mutationtest.engine.gregor.mutators.NonVoidMethodCallMutator,computeMillis,347,NO_COVERAGE,none
DateTimeParserBucket.java,org.joda.time.format.DateTimeParserBucket,org.pitest.mutationtest.engine.gregor.mutators.NonVoidMethodCallMutator,computeMillis,353,KILLED,org.joda.time.format.DateTimeFormatter_ESTest.test58
DateTimeParserBucket.java,org.joda.time.format.DateTimeParserBucket,org.pitest.mutationtest.engine.gregor.mutators.NonVoidMethodCallMutator,computeMillis,353,SURVIVED,none
DateTimeParserBucket.java,org.joda.time.format.DateTimeParserBucket,org.pitest.mutationtest.engine.gregor.mutators.NonVoidMethodCallMutator,computeMillis,354,KILLED,org.joda.time.format.DateTimeFormatter_ESTest.test58
DateTimeParserBucket.java,org.joda.time.format.DateTimeParserBucket,org.pitest.mutationtest.engine.gregor.mutators.NonVoidMethodCallMutator,computeMillis,354,KILLED,org.joda.time.format.DateTimeFormatter_ESTest.test58
DateTimeParserBucket.java,org.joda.time.format.DateTimeParserBucket,org.pitest.mutationtest.engine.gregor.mutators.NonVoidMethodCallMutator,computeMillis,355,KILLED,org.joda.time.format.DateTimeFormatter_ESTest.test58
DateTimeParserBucket.java,org.joda.time.format.DateTimeParserBucket,org.pitest.mutationtest.engine.gregor.mutators.NonVoidMethodCallMutator,computeMillis,356,SURVIVED,none
DateTimeParserBucket.java,org.joda.time.format.DateTimeParserBucket,org.pitest.mutationtest.engine.gregor.mutators.NonVoidMethodCallMutator,computeMillis,356,KILLED,org.joda.time.format.DateTimeFormatter_ESTest.test41
DateTimeParserBucket.java,org.joda.time.format.DateTimeParserBucket,org.pitest.mutationtest.engine.gregor.mutators.NonVoidMethodCallMutator,computeMillis,357,KILLED,org.joda.time.format.DateTimeFormatter_ESTest.test58
DateTimeParserBucket.java,org.joda.time.format.DateTimeParserBucket,org.pitest.mutationtest.engine.gregor.mutators.NonVoidMethodCallMutator,computeMillis,358,KILLED,org.joda.time.format.DateTimeFormatter_ESTest.test58
DateTimeParserBucket.java,org.joda.time.format.DateTimeParserBucket,org.pitest.mutationtest.engine.gregor.mutators.NonVoidMethodCallMutator,computeMillis,365,SURVIVED,none
DateTimeParserBucket.java,org.joda.time.format.DateTimeParserBucket,org.pitest.mutationtest.engine.gregor.mutators.NonVoidMethodCallMutator,computeMillis,369,KILLED,org.joda.time.format.DateTimeFormatter_ESTest.test58
DateTimeParserBucket.java,org.joda.time.format.DateTimeParserBucket,org.pitest.mutationtest.engine.gregor.mutators.NonVoidMethodCallMutator,computeMillis,374,NO_COVERAGE,none
DateTimeParserBucket.java,org.joda.time.format.DateTimeParserBucket,org.pitest.mutationtest.engine.gregor.mutators.NonVoidMethodCallMutator,computeMillis,374,NO_COVERAGE,none
DateTimeParserBucket.java,org.joda.time.format.DateTimeParserBucket,org.pitest.mutationtest.engine.gregor.mutators.NonVoidMethodCallMutator,computeMillis,374,NO_COVERAGE,none
DateTimeParserBucket.java,org.joda.time.format.DateTimeParserBucket,org.pitest.mutationtest.engine.gregor.mutators.NonVoidMethodCallMutator,computeMillis,374,NO_COVERAGE,none
DateTimeParserBucket.java,org.joda.time.format.DateTimeParserBucket,org.pitest.mutationtest.engine.gregor.mutators.NonVoidMethodCallMutator,computeMillis,380,KILLED,org.joda.time.format.DateTimeFormatter_ESTest.test54
DateTimeParserBucket.java,org.joda.time.format.DateTimeParserBucket,org.pitest.mutationtest.engine.gregor.mutators.NonVoidMethodCallMutator,computeMillis,382,KILLED,org.joda.time.format.DateTimeFormatter_ESTest.test54
DateTimeParserBucket.java,org.joda.time.format.DateTimeParserBucket,org.pitest.mutationtest.engine.gregor.mutators.NonVoidMethodCallMutator,computeMillis,384,KILLED,org.joda.time.format.DateTimeFormatter_ESTest.test54
DateTimeParserBucket.java,org.joda.time.format.DateTimeParserBucket,org.pitest.mutationtest.engine.gregor.mutators.NonVoidMethodCallMutator,computeMillis,385,NO_COVERAGE,none
DateTimeParserBucket.java,org.joda.time.format.DateTimeParserBucket,org.pitest.mutationtest.engine.gregor.mutators.NonVoidMethodCallMutator,computeMillis,385,NO_COVERAGE,none
DateTimeParserBucket.java,org.joda.time.format.DateTimeParserBucket,org.pitest.mutationtest.engine.gregor.mutators.NonVoidMethodCallMutator,computeMillis,385,NO_COVERAGE,none
DateTimeParserBucket.java,org.joda.time.format.DateTimeParserBucket,org.pitest.mutationtest.engine.gregor.mutators.NonVoidMethodCallMutator,computeMillis,385,NO_COVERAGE,none
DateTimeParserBucket.java,org.joda.time.format.DateTimeParserBucket,org.pitest.mutationtest.engine.gregor.mutators.NonVoidMethodCallMutator,computeMillis,388,NO_COVERAGE,none
DateTimeParserBucket.java,org.joda.time.format.DateTimeParserBucket,org.pitest.mutationtest.engine.gregor.mutators.NonVoidMethodCallMutator,computeMillis,388,NO_COVERAGE,none
DateTimeParserBucket.java,org.joda.time.format.DateTimeParserBucket,org.pitest.mutationtest.engine.gregor.mutators.NonVoidMethodCallMutator,computeMillis,388,NO_COVERAGE,none
DateTimeParserBucket.java,org.joda.time.format.DateTimeParserBucket,org.pitest.mutationtest.engine.gregor.mutators.NonVoidMethodCallMutator,computeMillis,388,NO_COVERAGE,none
DateTimeParserBucket.java,org.joda.time.format.DateTimeParserBucket,org.pitest.mutationtest.engine.gregor.mutators.NonVoidMethodCallMutator,computeMillis,388,NO_COVERAGE,none
DateTimeParserBucket.java,org.joda.time.format.DateTimeParserBucket,org.pitest.mutationtest.engine.gregor.mutators.PrimitiveReturnsMutator,computeMillis,358,KILLED,org.joda.time.format.DateTimeFormatter_ESTest.test58
DateTimeParserBucket.java,org.joda.time.format.DateTimeParserBucket,org.pitest.mutationtest.engine.gregor.mutators.PrimitiveReturnsMutator,computeMillis,394,KILLED,org.joda.time.format.DateTimeFormatter_ESTest.test54
DateTimeParserBucket.java,org.joda.time.format.DateTimeParserBucket,org.pitest.mutationtest.engine.gregor.mutators.RemoveConditionalMutator_EQUAL_ELSE,computeMillis,346,SURVIVED,none
DateTimeParserBucket.java,org.joda.time.format.DateTimeParserBucket,org.pitest.mutationtest.engine.gregor.mutators.RemoveConditionalMutator_EQUAL_ELSE,computeMillis,367,SURVIVED,none
DateTimeParserBucket.java,org.joda.time.format.DateTimeParserBucket,org.pitest.mutationtest.engine.gregor.mutators.RemoveConditionalMutator_EQUAL_ELSE,computeMillis,369,SURVIVED,none
DateTimeParserBucket.java,org.joda.time.format.DateTimeParserBucket,org.pitest.mutationtest.engine.gregor.mutators.RemoveConditionalMutator_EQUAL_ELSE,computeMillis,373,NO_COVERAGE,none
DateTimeParserBucket.java,org.joda.time.format.DateTimeParserBucket,org.pitest.mutationtest.engine.gregor.mutators.RemoveConditionalMutator_EQUAL_ELSE,computeMillis,379,KILLED,org.joda.time.format.DateTimeFormatter_ESTest.test34
DateTimeParserBucket.java,org.joda.time.format.DateTimeParserBucket,org.pitest.mutationtest.engine.gregor.mutators.RemoveConditionalMutator_EQUAL_ELSE,computeMillis,381,KILLED,org.joda.time.format.DateTimeFormatter_ESTest.test54
DateTimeParserBucket.java,org.joda.time.format.DateTimeParserBucket,org.pitest.mutationtest.engine.gregor.mutators.RemoveConditionalMutator_EQUAL_ELSE,computeMillis,384,SURVIVED,none
DateTimeParserBucket.java,org.joda.time.format.DateTimeParserBucket,org.pitest.mutationtest.engine.gregor.mutators.RemoveConditionalMutator_EQUAL_ELSE,computeMillis,387,NO_COVERAGE,none
DateTimeParserBucket.java,org.joda.time.format.DateTimeParserBucket,org.pitest.mutationtest.engine.gregor.mutators.RemoveConditionalMutator_EQUAL_IF,computeMillis,346,SURVIVED,none
DateTimeParserBucket.java,org.joda.time.format.DateTimeParserBucket,org.pitest.mutationtest.engine.gregor.mutators.RemoveConditionalMutator_EQUAL_IF,computeMillis,367,SURVIVED,none
DateTimeParserBucket.java,org.joda.time.format.DateTimeParserBucket,org.pitest.mutationtest.engine.gregor.mutators.RemoveConditionalMutator_EQUAL_IF,computeMillis,369,SURVIVED,none
DateTimeParserBucket.java,org.joda.time.format.DateTimeParserBucket,org.pitest.mutationtest.engine.gregor.mutators.RemoveConditionalMutator_EQUAL_IF,computeMillis,373,NO_COVERAGE,none
DateTimeParserBucket.java,org.joda.time.format.DateTimeParserBucket,org.pitest.mutationtest.engine.gregor.mutators.RemoveConditionalMutator_EQUAL_IF,computeMillis,379,KILLED,org.joda.time.format.DateTimeFormatter_ESTest.test54
DateTimeParserBucket.java,org.joda.time.format.DateTimeParserBucket,org.pitest.mutationtest.engine.gregor.mutators.RemoveConditionalMutator_EQUAL_IF,computeMillis,381,SURVIVED,none
DateTimeParserBucket.java,org.joda.time.format.DateTimeParserBucket,org.pitest.mutationtest.engine.gregor.mutators.RemoveConditionalMutator_EQUAL_IF,computeMillis,384,KILLED,org.joda.time.format.DateTimeFormatter_ESTest.test54
DateTimeParserBucket.java,org.joda.time.format.DateTimeParserBucket,org.pitest.mutationtest.engine.gregor.mutators.RemoveConditionalMutator_EQUAL_IF,computeMillis,387,NO_COVERAGE,none
DateTimeParserBucket.java,org.joda.time.format.DateTimeParserBucket,org.pitest.mutationtest.engine.gregor.mutators.RemoveConditionalMutator_ORDER_ELSE,computeMillis,351,KILLED,org.joda.time.format.DateTimeFormatter_ESTest.test58
DateTimeParserBucket.java,org.joda.time.format.DateTimeParserBucket,org.pitest.mutationtest.engine.gregor.mutators.RemoveConditionalMutator_ORDER_ELSE,computeMillis,356,KILLED,org.joda.time.format.DateTimeFormatter_ESTest.test58
DateTimeParserBucket.java,org.joda.time.format.DateTimeParserBucket,org.pitest.mutationtest.engine.gregor.mutators.RemoveConditionalMutator_ORDER_ELSE,computeMillis,356,KILLED,org.joda.time.format.DateTimeFormatter_ESTest.test58
DateTimeParserBucket.java,org.joda.time.format.DateTimeParserBucket,org.pitest.mutationtest.engine.gregor.mutators.RemoveConditionalMutator_ORDER_ELSE,computeMillis,364,SURVIVED,none
DateTimeParserBucket.java,org.joda.time.format.DateTimeParserBucket,org.pitest.mutationtest.engine.gregor.mutators.RemoveConditionalMutator_ORDER_ELSE,computeMillis,368,SURVIVED,none
DateTimeParserBucket.java,org.joda.time.format.DateTimeParserBucket,org.pitest.mutationtest.engine.gregor.mutators.RemoveConditionalMutator_ORDER_IF,computeMillis,351,KILLED,org.joda.time.format.DateTimeFormatter_ESTest.test54
DateTimeParserBucket.java,org.joda.time.format.DateTimeParserBucket,org.pitest.mutationtest.engine.gregor.mutators.RemoveConditionalMutator_ORDER_IF,computeMillis,356,SURVIVED,none
DateTimeParserBucket.java,org.joda.time.format.DateTimeParserBucket,org.pitest.mutationtest.engine.gregor.mutators.RemoveConditionalMutator_ORDER_IF,computeMillis,356,KILLED,org.joda.time.format.DateTimeFormatter_ESTest.test41
DateTimeParserBucket.java,org.joda.time.format.DateTimeParserBucket,org.pitest.mutationtest.engine.gregor.mutators.RemoveConditionalMutator_ORDER_IF,computeMillis,364,KILLED,org.joda.time.format.DateTimeFormatter_ESTest.test54
DateTimeParserBucket.java,org.joda.time.format.DateTimeParserBucket,org.pitest.mutationtest.engine.gregor.mutators.RemoveConditionalMutator_ORDER_IF,computeMillis,368,KILLED,org.joda.time.format.DateTimeFormatter_ESTest.test54
DateTimeParserBucket.java,org.joda.time.format.DateTimeParserBucket,org.pitest.mutationtest.engine.gregor.mutators.ReturnValsMutator,computeMillis,358,KILLED,org.joda.time.format.DateTimeFormatter_ESTest.test58
DateTimeParserBucket.java,org.joda.time.format.DateTimeParserBucket,org.pitest.mutationtest.engine.gregor.mutators.ReturnValsMutator,computeMillis,394,KILLED,org.joda.time.format.DateTimeFormatter_ESTest.test54
DateTimeParserBucket.java,org.joda.time.format.DateTimeParserBucket,org.pitest.mutationtest.engine.gregor.mutators.VoidMethodCallMutator,computeMillis,350,KILLED,org.joda.time.format.DateTimeFormatter_ESTest.test40
DateTimeParserBucket.java,org.joda.time.format.DateTimeParserBucket,org.pitest.mutationtest.engine.gregor.mutators.VoidMethodCallMutator,computeMillis,357,KILLED,org.joda.time.format.DateTimeFormatter_ESTest.test40
DateTimeParserBucket.java,org.joda.time.format.DateTimeParserBucket,org.pitest.mutationtest.engine.gregor.mutators.VoidMethodCallMutator,computeMillis,374,NO_COVERAGE,none
DateTimeParserBucket.java,org.joda.time.format.DateTimeParserBucket,org.pitest.mutationtest.engine.gregor.mutators.experimental.MemberVariableMutator,computeMillis,347,NO_COVERAGE,none
DateTimeParserBucket.java,org.joda.time.format.DateTimeParserBucket,org.pitest.mutationtest.engine.gregor.mutators.experimental.MemberVariableMutator,computeMillis,348,NO_COVERAGE,none
DateTimeParserBucket.java,org.joda.time.format.DateTimeParserBucket,org.pitest.mutationtest.engine.gregor.mutators.experimental.NakedReceiverMutator,computeMillis,374,NO_COVERAGE,none
DateTimeParserBucket.java,org.joda.time.format.DateTimeParserBucket,org.pitest.mutationtest.engine.gregor.mutators.experimental.NakedReceiverMutator,computeMillis,374,NO_COVERAGE,none
DateTimeParserBucket.java,org.joda.time.format.DateTimeParserBucket,org.pitest.mutationtest.engine.gregor.mutators.experimental.NakedReceiverMutator,computeMillis,374,NO_COVERAGE,none
DateTimeParserBucket.java,org.joda.time.format.DateTimeParserBucket,org.pitest.mutationtest.engine.gregor.mutators.experimental.NakedReceiverMutator,computeMillis,385,NO_COVERAGE,none
DateTimeParserBucket.java,org.joda.time.format.DateTimeParserBucket,org.pitest.mutationtest.engine.gregor.mutators.experimental.NakedReceiverMutator,computeMillis,385,NO_COVERAGE,none
DateTimeParserBucket.java,org.joda.time.format.DateTimeParserBucket,org.pitest.mutationtest.engine.gregor.mutators.experimental.NakedReceiverMutator,computeMillis,385,NO_COVERAGE,none
DateTimeParserBucket.java,org.joda.time.format.DateTimeParserBucket,org.pitest.mutationtest.engine.gregor.mutators.experimental.NakedReceiverMutator,computeMillis,388,NO_COVERAGE,none
DateTimeParserBucket.java,org.joda.time.format.DateTimeParserBucket,org.pitest.mutationtest.engine.gregor.mutators.experimental.NakedReceiverMutator,computeMillis,388,NO_COVERAGE,none
DateTimeParserBucket.java,org.joda.time.format.DateTimeParserBucket,org.pitest.mutationtest.engine.gregor.mutators.experimental.NakedReceiverMutator,computeMillis,388,NO_COVERAGE,none
DateTimeParserBucket.java,org.joda.time.format.DateTimeParserBucket,org.pitest.mutationtest.engine.gregor.mutators.experimental.NakedReceiverMutator,computeMillis,388,NO_COVERAGE,none
DateTimeParserBucket.java,org.joda.time.format.DateTimeParserBucket,org.pitest.mutationtest.engine.gregor.mutators.NullReturnValsMutator,getChronology,134,NO_COVERAGE,none
DateTimeParserBucket.java,org.joda.time.format.DateTimeParserBucket,org.pitest.mutationtest.engine.gregor.mutators.ReturnValsMutator,getChronology,134,NO_COVERAGE,none
DateTimeParserBucket.java,org.joda.time.format.DateTimeParserBucket,org.pitest.mutationtest.engine.gregor.mutators.NullReturnValsMutator,getLocale,144,NO_COVERAGE,none
DateTimeParserBucket.java,org.joda.time.format.DateTimeParserBucket,org.pitest.mutationtest.engine.gregor.mutators.ReturnValsMutator,getLocale,144,NO_COVERAGE,none
DateTimeParserBucket.java,org.joda.time.format.DateTimeParserBucket,org.pitest.mutationtest.engine.gregor.mutators.InlineConstantMutator,getOffset,170,NO_COVERAGE,none
DateTimeParserBucket.java,org.joda.time.format.DateTimeParserBucket,org.pitest.mutationtest.engine.gregor.mutators.NegateConditionalsMutator,getOffset,170,NO_COVERAGE,none
DateTimeParserBucket.java,org.joda.time.format.DateTimeParserBucket,org.pitest.mutationtest.engine.gregor.mutators.NonVoidMethodCallMutator,getOffset,170,NO_COVERAGE,none
DateTimeParserBucket.java,org.joda.time.format.DateTimeParserBucket,org.pitest.mutationtest.engine.gregor.mutators.RemoveConditionalMutator_EQUAL_ELSE,getOffset,170,NO_COVERAGE,none
DateTimeParserBucket.java,org.joda.time.format.DateTimeParserBucket,org.pitest.mutationtest.engine.gregor.mutators.RemoveConditionalMutator_EQUAL_IF,getOffset,170,NO_COVERAGE,none
DateTimeParserBucket.java,org.joda.time.format.DateTimeParserBucket,org.pitest.mutationtest.engine.gregor.mutators.ReturnValsMutator,getOffset,170,NO_COVERAGE,none
DateTimeParserBucket.java,org.joda.time.format.DateTimeParserBucket,org.pitest.mutationtest.engine.gregor.mutators.EmptyObjectReturnValsMutator,getOffsetInteger,177,SURVIVED,none
DateTimeParserBucket.java,org.joda.time.format.DateTimeParserBucket,org.pitest.mutationtest.engine.gregor.mutators.ReturnValsMutator,getOffsetInteger,177,KILLED,org.joda.time.format.DateTimeFormatter_ESTest.test39
DateTimeParserBucket.java,org.joda.time.format.DateTimeParserBucket,org.pitest.mutationtest.engine.gregor.mutators.EmptyObjectReturnValsMutator,getPivotYear,212,NO_COVERAGE,none
DateTimeParserBucket.java,org.joda.time.format.DateTimeParserBucket,org.pitest.mutationtest.engine.gregor.mutators.ReturnValsMutator,getPivotYear,212,NO_COVERAGE,none
DateTimeParserBucket.java,org.joda.time.format.DateTimeParserBucket,org.pitest.mutationtest.engine.gregor.mutators.NullReturnValsMutator,getZone,152,SURVIVED,none
DateTimeParserBucket.java,org.joda.time.format.DateTimeParserBucket,org.pitest.mutationtest.engine.gregor.mutators.ReturnValsMutator,getZone,152,SURVIVED,none
DateTimeParserBucket.java,org.joda.time.format.DateTimeParserBucket,org.pitest.mutationtest.engine.gregor.mutators.BooleanFalseReturnValsMutator,restoreState,304,SURVIVED,none
DateTimeParserBucket.java,org.joda.time.format.DateTimeParserBucket,org.pitest.mutationtest.engine.gregor.mutators.BooleanTrueReturnValsMutator,restoreState,307,NO_COVERAGE,none
DateTimeParserBucket.java,org.joda.time.format.DateTimeParserBucket,org.pitest.mutationtest.engine.gregor.mutators.InlineConstantMutator,restoreState,304,SURVIVED,none
DateTimeParserBucket.java,org.joda.time.format.DateTimeParserBucket,org.pitest.mutationtest.engine.gregor.mutators.InlineConstantMutator,restoreState,307,NO_COVERAGE,none
DateTimeParserBucket.java,org.joda.time.format.DateTimeParserBucket,org.pitest.mutationtest.engine.gregor.mutators.NegateConditionalsMutator,restoreState,301,SURVIVED,none
DateTimeParserBucket.java,org.joda.time.format.DateTimeParserBucket,org.pitest.mutationtest.engine.gregor.mutators.NegateConditionalsMutator,restoreState,302,SURVIVED,none
DateTimeParserBucket.java,org.joda.time.format.DateTimeParserBucket,org.pitest.mutationtest.engine.gregor.mutators.NonVoidMethodCallMutator,restoreState,302,SURVIVED,none
DateTimeParserBucket.java,org.joda.time.format.DateTimeParserBucket,org.pitest.mutationtest.engine.gregor.mutators.RemoveConditionalMutator_EQUAL_ELSE,restoreState,301,SURVIVED,none
DateTimeParserBucket.java,org.joda.time.format.DateTimeParserBucket,org.pitest.mutationtest.engine.gregor.mutators.RemoveConditionalMutator_EQUAL_ELSE,restoreState,302,SURVIVED,none
DateTimeParserBucket.java,org.joda.time.format.DateTimeParserBucket,org.pitest.mutationtest.engine.gregor.mutators.RemoveConditionalMutator_EQUAL_IF,restoreState,301,SURVIVED,none
DateTimeParserBucket.java,org.joda.time.format.DateTimeParserBucket,org.pitest.mutationtest.engine.gregor.mutators.RemoveConditionalMutator_EQUAL_IF,restoreState,302,SURVIVED,none
DateTimeParserBucket.java,org.joda.time.format.DateTimeParserBucket,org.pitest.mutationtest.engine.gregor.mutators.ReturnValsMutator,restoreState,304,SURVIVED,none
DateTimeParserBucket.java,org.joda.time.format.DateTimeParserBucket,org.pitest.mutationtest.engine.gregor.mutators.ReturnValsMutator,restoreState,307,NO_COVERAGE,none
DateTimeParserBucket.java,org.joda.time.format.DateTimeParserBucket,org.pitest.mutationtest.engine.gregor.mutators.experimental.MemberVariableMutator,restoreState,303,SURVIVED,none
DateTimeParserBucket.java,org.joda.time.format.DateTimeParserBucket,org.pitest.mutationtest.engine.gregor.mutators.ConstructorCallMutator,saveField,236,NO_COVERAGE,none
DateTimeParserBucket.java,org.joda.time.format.DateTimeParserBucket,org.pitest.mutationtest.engine.gregor.mutators.VoidMethodCallMutator,saveField,236,NO_COVERAGE,none
DateTimeParserBucket.java,org.joda.time.format.DateTimeParserBucket,org.pitest.mutationtest.engine.gregor.mutators.ConstructorCallMutator,saveField,246,KILLED,org.joda.time.format.DateTimeFormatter_ESTest.test58
DateTimeParserBucket.java,org.joda.time.format.DateTimeParserBucket,org.pitest.mutationtest.engine.gregor.mutators.NonVoidMethodCallMutator,saveField,246,KILLED,org.joda.time.format.DateTimeFormatter_ESTest.test58
DateTimeParserBucket.java,org.joda.time.format.DateTimeParserBucket,org.pitest.mutationtest.engine.gregor.mutators.VoidMethodCallMutator,saveField,246,KILLED,org.joda.time.format.DateTimeFormatter_ESTest.test58
DateTimeParserBucket.java,org.joda.time.format.DateTimeParserBucket,org.pitest.mutationtest.engine.gregor.mutators.ConstructorCallMutator,saveField,257,NO_COVERAGE,none
DateTimeParserBucket.java,org.joda.time.format.DateTimeParserBucket,org.pitest.mutationtest.engine.gregor.mutators.NonVoidMethodCallMutator,saveField,257,NO_COVERAGE,none
DateTimeParserBucket.java,org.joda.time.format.DateTimeParserBucket,org.pitest.mutationtest.engine.gregor.mutators.VoidMethodCallMutator,saveField,257,NO_COVERAGE,none
DateTimeParserBucket.java,org.joda.time.format.DateTimeParserBucket,org.pitest.mutationtest.engine.gregor.mutators.InlineConstantMutator,saveField,266,SURVIVED,none
DateTimeParserBucket.java,org.joda.time.format.DateTimeParserBucket,org.pitest.mutationtest.engine.gregor.mutators.InlineConstantMutator,saveField,268,SURVIVED,none
DateTimeParserBucket.java,org.joda.time.format.DateTimeParserBucket,org.pitest.mutationtest.engine.gregor.mutators.InlineConstantMutator,saveField,268,SURVIVED,none
DateTimeParserBucket.java,org.joda.time.format.DateTimeParserBucket,org.pitest.mutationtest.engine.gregor.mutators.InlineConstantMutator,saveField,270,SURVIVED,none
DateTimeParserBucket.java,org.joda.time.format.DateTimeParserBucket,org.pitest.mutationtest.engine.gregor.mutators.InlineConstantMutator,saveField,275,KILLED,org.joda.time.format.DateTimeFormatter_ESTest.test58
DateTimeParserBucket.java,org.joda.time.format.DateTimeParserBucket,org.pitest.mutationtest.engine.gregor.mutators.MathMutator,saveField,266,SURVIVED,none
DateTimeParserBucket.java,org.joda.time.format.DateTimeParserBucket,org.pitest.mutationtest.engine.gregor.mutators.MathMutator,saveField,275,KILLED,org.joda.time.format.DateTimeFormatter_ESTest.test58
DateTimeParserBucket.java,org.joda.time.format.DateTimeParserBucket,org.pitest.mutationtest.engine.gregor.mutators.NegateConditionalsMutator,saveField,264,SURVIVED,none
DateTimeParserBucket.java,org.joda.time.format.DateTimeParserBucket,org.pitest.mutationtest.engine.gregor.mutators.NegateConditionalsMutator,saveField,264,SURVIVED,none
DateTimeParserBucket.java,org.joda.time.format.DateTimeParserBucket,org.pitest.mutationtest.engine.gregor.mutators.NegateConditionalsMutator,saveField,266,KILLED,org.joda.time.format.DateTimeFormatter_ESTest.test18
DateTimeParserBucket.java,org.joda.time.format.DateTimeParserBucket,org.pitest.mutationtest.engine.gregor.mutators.RemoveConditionalMutator_EQUAL_ELSE,saveField,264,SURVIVED,none
DateTimeParserBucket.java,org.joda.time.format.DateTimeParserBucket,org.pitest.mutationtest.engine.gregor.mutators.RemoveConditionalMutator_EQUAL_ELSE,saveField,264,SURVIVED,none
DateTimeParserBucket.java,org.joda.time.format.DateTimeParserBucket,org.pitest.mutationtest.engine.gregor.mutators.RemoveConditionalMutator_EQUAL_ELSE,saveField,266,SURVIVED,none
DateTimeParserBucket.java,org.joda.time.format.DateTimeParserBucket,org.pitest.mutationtest.engine.gregor.mutators.RemoveConditionalMutator_EQUAL_IF,saveField,264,SURVIVED,none
DateTimeParserBucket.java,org.joda.time.format.DateTimeParserBucket,org.pitest.mutationtest.engine.gregor.mutators.RemoveConditionalMutator_EQUAL_IF,saveField,264,SURVIVED,none
DateTimeParserBucket.java,org.joda.time.format.DateTimeParserBucket,org.pitest.mutationtest.engine.gregor.mutators.RemoveConditionalMutator_EQUAL_IF,saveField,266,KILLED,org.joda.time.format.DateTimeFormatter_ESTest.test18
DateTimeParserBucket.java,org.joda.time.format.DateTimeParserBucket,org.pitest.mutationtest.engine.gregor.mutators.VoidMethodCallMutator,saveField,268,SURVIVED,none
DateTimeParserBucket.java,org.joda.time.format.DateTimeParserBucket,org.pitest.mutationtest.engine.gregor.mutators.experimental.MemberVariableMutator,saveField,269,SURVIVED,none
DateTimeParserBucket.java,org.joda.time.format.DateTimeParserBucket,org.pitest.mutationtest.engine.gregor.mutators.experimental.MemberVariableMutator,saveField,270,SURVIVED,none
DateTimeParserBucket.java,org.joda.time.format.DateTimeParserBucket,org.pitest.mutationtest.engine.gregor.mutators.experimental.MemberVariableMutator,saveField,273,SURVIVED,none
DateTimeParserBucket.java,org.joda.time.format.DateTimeParserBucket,org.pitest.mutationtest.engine.gregor.mutators.experimental.MemberVariableMutator,saveField,275,KILLED,org.joda.time.format.DateTimeFormatter_ESTest.test58
DateTimeParserBucket.java,org.joda.time.format.DateTimeParserBucket,org.pitest.mutationtest.engine.gregor.mutators.ConstructorCallMutator,saveState,287,SURVIVED,none
DateTimeParserBucket.java,org.joda.time.format.DateTimeParserBucket,org.pitest.mutationtest.engine.gregor.mutators.NegateConditionalsMutator,saveState,286,SURVIVED,none
DateTimeParserBucket.java,org.joda.time.format.DateTimeParserBucket,org.pitest.mutationtest.engine.gregor.mutators.NullReturnValsMutator,saveState,289,SURVIVED,none
DateTimeParserBucket.java,org.joda.time.format.DateTimeParserBucket,org.pitest.mutationtest.engine.gregor.mutators.RemoveConditionalMutator_EQUAL_ELSE,saveState,286,SURVIVED,none
DateTimeParserBucket.java,org.joda.time.format.DateTimeParserBucket,org.pitest.mutationtest.engine.gregor.mutators.RemoveConditionalMutator_EQUAL_IF,saveState,286,SURVIVED,none
DateTimeParserBucket.java,org.joda.time.format.DateTimeParserBucket,org.pitest.mutationtest.engine.gregor.mutators.ReturnValsMutator,saveState,289,SURVIVED,none
DateTimeParserBucket.java,org.joda.time.format.DateTimeParserBucket,org.pitest.mutationtest.engine.gregor.mutators.experimental.MemberVariableMutator,saveState,287,SURVIVED,none
DateTimeParserBucket.java,org.joda.time.format.DateTimeParserBucket,org.pitest.mutationtest.engine.gregor.mutators.NonVoidMethodCallMutator,setOffset,187,NO_COVERAGE,none
DateTimeParserBucket.java,org.joda.time.format.DateTimeParserBucket,org.pitest.mutationtest.engine.gregor.mutators.experimental.MemberVariableMutator,setOffset,186,NO_COVERAGE,none
DateTimeParserBucket.java,org.joda.time.format.DateTimeParserBucket,org.pitest.mutationtest.engine.gregor.mutators.experimental.MemberVariableMutator,setOffset,187,NO_COVERAGE,none
DateTimeParserBucket.java,org.joda.time.format.DateTimeParserBucket,org.pitest.mutationtest.engine.gregor.mutators.experimental.MemberVariableMutator,setOffset,194,SURVIVED,none
DateTimeParserBucket.java,org.joda.time.format.DateTimeParserBucket,org.pitest.mutationtest.engine.gregor.mutators.experimental.MemberVariableMutator,setOffset,195,KILLED,org.joda.time.format.DateTimeFormatter_ESTest.test34
DateTimeParserBucket.java,org.joda.time.format.DateTimeParserBucket,org.pitest.mutationtest.engine.gregor.mutators.experimental.MemberVariableMutator,setPivotYear,225,NO_COVERAGE,none
DateTimeParserBucket.java,org.joda.time.format.DateTimeParserBucket,org.pitest.mutationtest.engine.gregor.mutators.experimental.MemberVariableMutator,setZone,159,NO_COVERAGE,none
DateTimeParserBucket.java,org.joda.time.format.DateTimeParserBucket,org.pitest.mutationtest.engine.gregor.mutators.experimental.MemberVariableMutator,setZone,160,NO_COVERAGE,none
DateTimeParserBucket.java,org.joda.time.format.DateTimeParserBucket,org.pitest.mutationtest.engine.gregor.mutators.ConditionalsBoundaryMutator,sort,416,SURVIVED,none
DateTimeParserBucket.java,org.joda.time.format.DateTimeParserBucket,org.pitest.mutationtest.engine.gregor.mutators.ConditionalsBoundaryMutator,sort,419,KILLED,org.joda.time.format.DateTimeFormatter_ESTest.test58
DateTimeParserBucket.java,org.joda.time.format.DateTimeParserBucket,org.pitest.mutationtest.engine.gregor.mutators.ConditionalsBoundaryMutator,sort,420,KILLED,org.joda.time.format.DateTimeFormatter_ESTest.test58
DateTimeParserBucket.java,org.joda.time.format.DateTimeParserBucket,org.pitest.mutationtest.engine.gregor.mutators.ConditionalsBoundaryMutator,sort,420,SURVIVED,none
DateTimeParserBucket.java,org.joda.time.format.DateTimeParserBucket,org.pitest.mutationtest.engine.gregor.mutators.IncrementsMutator,sort,420,KILLED,org.joda.time.format.DateTimeFormatter_ESTest.test58
DateTimeParserBucket.java,org.joda.time.format.DateTimeParserBucket,org.pitest.mutationtest.engine.gregor.mutators.IncrementsMutator,sort,419,TIMED_OUT,none
DateTimeParserBucket.java,org.joda.time.format.DateTimeParserBucket,org.pitest.mutationtest.engine.gregor.mutators.InlineConstantMutator,sort,416,SURVIVED,none
DateTimeParserBucket.java,org.joda.time.format.DateTimeParserBucket,org.pitest.mutationtest.engine.gregor.mutators.InlineConstantMutator,sort,417,NO_COVERAGE,none
DateTimeParserBucket.java,org.joda.time.format.DateTimeParserBucket,org.pitest.mutationtest.engine.gregor.mutators.InlineConstantMutator,sort,419,SURVIVED,none
DateTimeParserBucket.java,org.joda.time.format.DateTimeParserBucket,org.pitest.mutationtest.engine.gregor.mutators.InlineConstantMutator,sort,420,SURVIVED,none
DateTimeParserBucket.java,org.joda.time.format.DateTimeParserBucket,org.pitest.mutationtest.engine.gregor.mutators.InlineConstantMutator,sort,422,SURVIVED,none
DateTimeParserBucket.java,org.joda.time.format.DateTimeParserBucket,org.pitest.mutationtest.engine.gregor.mutators.InlineConstantMutator,sort,423,SURVIVED,none
DateTimeParserBucket.java,org.joda.time.format.DateTimeParserBucket,org.pitest.mutationtest.engine.gregor.mutators.MathMutator,sort,420,KILLED,org.joda.time.format.DateTimeFormatter_ESTest.test58
DateTimeParserBucket.java,org.joda.time.format.DateTimeParserBucket,org.pitest.mutationtest.engine.gregor.mutators.MathMutator,sort,422,KILLED,org.joda.time.format.DateTimeFormatter_ESTest.test58
DateTimeParserBucket.java,org.joda.time.format.DateTimeParserBucket,org.pitest.mutationtest.engine.gregor.mutators.MathMutator,sort,423,KILLED,org.joda.time.format.DateTimeFormatter_ESTest.test58
DateTimeParserBucket.java,org.joda.time.format.DateTimeParserBucket,org.pitest.mutationtest.engine.gregor.mutators.NegateConditionalsMutator,sort,416,SURVIVED,none
DateTimeParserBucket.java,org.joda.time.format.DateTimeParserBucket,org.pitest.mutationtest.engine.gregor.mutators.NegateConditionalsMutator,sort,419,KILLED,org.joda.time.format.DateTimeFormatter_ESTest.test54
DateTimeParserBucket.java,org.joda.time.format.DateTimeParserBucket,org.pitest.mutationtest.engine.gregor.mutators.NegateConditionalsMutator,sort,420,KILLED,org.joda.time.format.DateTimeFormatter_ESTest.test58
DateTimeParserBucket.java,org.joda.time.format.DateTimeParserBucket,org.pitest.mutationtest.engine.gregor.mutators.NegateConditionalsMutator,sort,420,SURVIVED,none
DateTimeParserBucket.java,org.joda.time.format.DateTimeParserBucket,org.pitest.mutationtest.engine.gregor.mutators.NonVoidMethodCallMutator,sort,420,SURVIVED,none
DateTimeParserBucket.java,org.joda.time.format.DateTimeParserBucket,org.pitest.mutationtest.engine.gregor.mutators.RemoveConditionalMutator_ORDER_ELSE,sort,416,SURVIVED,none
DateTimeParserBucket.java,org.joda.time.format.DateTimeParserBucket,org.pitest.mutationtest.engine.gregor.mutators.RemoveConditionalMutator_ORDER_ELSE,sort,419,SURVIVED,none
DateTimeParserBucket.java,org.joda.time.format.DateTimeParserBucket,org.pitest.mutationtest.engine.gregor.mutators.RemoveConditionalMutator_ORDER_ELSE,sort,420,SURVIVED,none
DateTimeParserBucket.java,org.joda.time.format.DateTimeParserBucket,org.pitest.mutationtest.engine.gregor.mutators.RemoveConditionalMutator_ORDER_ELSE,sort,420,SURVIVED,none
DateTimeParserBucket.java,org.joda.time.format.DateTimeParserBucket,org.pitest.mutationtest.engine.gregor.mutators.RemoveConditionalMutator_ORDER_IF,sort,416,SURVIVED,none
DateTimeParserBucket.java,org.joda.time.format.DateTimeParserBucket,org.pitest.mutationtest.engine.gregor.mutators.RemoveConditionalMutator_ORDER_IF,sort,419,KILLED,org.joda.time.format.DateTimeFormatter_ESTest.test54
DateTimeParserBucket.java,org.joda.time.format.DateTimeParserBucket,org.pitest.mutationtest.engine.gregor.mutators.RemoveConditionalMutator_ORDER_IF,sort,420,KILLED,org.joda.time.format.DateTimeFormatter_ESTest.test58
DateTimeParserBucket.java,org.joda.time.format.DateTimeParserBucket,org.pitest.mutationtest.engine.gregor.mutators.RemoveConditionalMutator_ORDER_IF,sort,420,SURVIVED,none
DateTimeParserBucket.java,org.joda.time.format.DateTimeParserBucket,org.pitest.mutationtest.engine.gregor.mutators.VoidMethodCallMutator,sort,417,NO_COVERAGE,none
DateTimeParserBucket.java,org.joda.time.format.DateTimeParserBucket,org.pitest.mutationtest.engine.gregor.mutators.experimental.RemoveIncrementsMutator,sort,420,SURVIVED,none
